2.0490e+02
1.7777e+02
2.1220e+02
1.7350e+02
2.1126e+02
2.0342e+02
2.3150e+02
1.9192e+02
2.3583e+02
2.0045e+02
2.2365e+02
1.9271e+02
2.1730e+02
1.9375e+02
2.0179e+02
2.2788e+02
1.9388e+02
1.8669e+02
2.1553e+02
1.9634e+02
1.9191e+02
2.0982e+02
2.1905e+02
1.9512e+02
1.7838e+02
2.1717e+02
1.8828e+02
1.9616e+02
1.7504e+02
2.1309e+02
2.3561e+02
2.0309e+02
1.8316e+02
2.1508e+02
2.0738e+02
2.0903e+02
2.2750e+02
2.4060e+02
2.2510e+02
2.1496e+02
2.1642e+02
1.8957e+02
2.1138e+02
1.9669e+02
2.1160e+02
1.9271e+02
1.6370e+02
1.8221e+02
2.1813e+02
2.0027e+02
2.1840e+02
2.1990e+02
2.1272e+02
2.1600e+02
1.6147e+02
1.8555e+02
2.0973e+02
2.2219e+02
2.1167e+02
1.6102e+02
1.9617e+02
2.0216e+02
1.8952e+02
2.2050e+02
2.2319e+02
1.8720e+02
1.9622e+02
2.1521e+02
2.2682e+02
2.1564e+02
1.7869e+02
2.0085e+02
2.2870e+02
1.8811e+02
2.2120e+02
1.9143e+02
2.1789e+02
2.2901e+02
2.3382e+02
2.2534e+02
2.2431e+02
2.0328e+02
2.0859e+02
2.1591e+02
2.1520e+02
1.9471e+02
1.9604e+02
1.8441e+02
1.9768e+02
1.9643e+02
1.9270e+02
1.8878e+02
1.9545e+02
1.8963e+02
1.8756e+02
2.0397e+02
2.1520e+02
2.0788e+02
2.1028e+02
2.0169e+02
2.1788e+02
2.3123e+02
1.8260e+02
1.8410e+02
1.5392e+02
1.9709e+02
2.0908e+02
2.1609e+02
1.9583e+02
1.9155e+02
1.9449e+02
1.9882e+02
2.1957e+02
2.2260e+02
2.1280e+02
2.1784e+02
1.8247e+02
2.0352e+02
1.6111e+02
1.8502e+02
2.1104e+02
2.2223e+02
2.0940e+02
1.9333e+02
2.1401e+02
1.8833e+02
2.0438e+02
2.3852e+02
1.9923e+02
1.8901e+02
1.8977e+02
2.0346e+02
1.9720e+02
1.7669e+02
1.9703e+02
2.0177e+02
2.1357e+02
2.2291e+02
2.0169e+02
2.0291e+02
1.9184e+02
2.2410e+02
2.0531e+02
2.2432e+02
2.2473e+02
1.9167e+02
2.2110e+02
2.2453e+02
2.3346e+02
2.1642e+02
1.7676e+02
1.7453e+02
2.0848e+02
2.3281e+02
1.9813e+02
1.7486e+02
2.0964e+02
2.2043e+02
1.6381e+02
1.9776e+02
2.2922e+02
1.9450e+02
2.4558e+02
2.2123e+02
2.2010e+02
2.1213e+02
1.7963e+02
1.9789e+02
2.0422e+02
2.2290e+02
2.3989e+02
1.9443e+02
2.0558e+02
2.2153e+02
2.2083e+02
2.1373e+02
2.2179e+02
2.1539e+02
2.1934e+02
2.2462e+02
1.8845e+02
2.3042e+02
2.2474e+02
2.2734e+02
2.3947e+02
2.2789e+02
2.2182e+02
2.2098e+02
1.8980e+02
2.2357e+02
1.9946e+02
2.2201e+02
2.0632e+02
1.8248e+02
2.1304e+02
2.0227e+02
2.3370e+02
2.3260e+02
2.0721e+02
2.1408e+02
2.1213e+02
2.1318e+02
2.3055e+02
2.5465e+02
2.4291e+02
2.2067e+02
2.4268e+02
2.6088e+02
2.5803e+02
2.1426e+02
1.9349e+02
2.3578e+02
2.3939e+02
2.5305e+02
2.7393e+02
2.5272e+02
2.2933e+02
2.2227e+02
2.2034e+02
2.0921e+02
2.3662e+02
2.1480e+02
2.0750e+02
2.5323e+02
2.4002e+02
2.3793e+02
2.6640e+02
2.3003e+02
2.5574e+02
2.1017e+02
2.4095e+02
2.3738e+02
2.0924e+02
2.6008e+02
2.2738e+02
2.2201e+02
2.5421e+02
2.3682e+02
2.1982e+02
2.2113e+02
1.9364e+02
2.2138e+02
2.5356e+02
2.4407e+02
2.3546e+02
2.2642e+02
2.4026e+02
2.3023e+02
2.4746e+02
2.3748e+02
2.3887e+02
1.6251e+02
2.0535e+02
2.3967e+02
2.1906e+02
2.3600e+02
2.3856e+02
2.1691e+02
2.2772e+02
2.5509e+02
2.5393e+02
2.3982e+02
2.5447e+02
2.3896e+02
2.1567e+02
2.5494e+02
2.2611e+02
2.5178e+02
2.7622e+02
2.5228e+02
2.9672e+02
2.5823e+02
2.3686e+02
2.8624e+02
2.8836e+02
2.3694e+02
2.7770e+02
2.6092e+02
2.7314e+02
2.8655e+02
2.8385e+02
2.6714e+02
2.5041e+02
3.0939e+02
2.9835e+02
3.1902e+02
2.9504e+02
2.7977e+02
3.0149e+02
2.8492e+02
2.8478e+02
3.0851e+02
3.0716e+02
3.0179e+02
2.8033e+02
3.0853e+02
3.0206e+02
3.2435e+02
3.2878e+02
3.2555e+02
3.3773e+02
2.9314e+02
3.4058e+02
3.1468e+02
2.8375e+02
2.9077e+02
3.0702e+02
3.4173e+02
2.9449e+02
2.7181e+02
3.1686e+02
3.0935e+02
3.3207e+02
3.2398e+02
3.2282e+02
3.3040e+02
3.0218e+02
3.3183e+02
3.0003e+02
3.1160e+02
3.3075e+02
2.8583e+02
2.9760e+02
3.3144e+02
3.3703e+02
3.2078e+02
3.2214e+02
3.3391e+02
3.4426e+02
3.3202e+02
3.5499e+02
3.4639e+02
3.2590e+02
2.9260e+02
3.3497e+02
3.2325e+02
3.2651e+02
3.1868e+02
2.5587e+02
3.1620e+02
3.2020e+02
2.6749e+02
3.2476e+02
3.0327e+02
3.2557e+02
3.1323e+02
3.2569e+02
3.1907e+02
3.1226e+02
3.3391e+02
3.2937e+02
3.1548e+02
2.9667e+02
3.4803e+02
3.0461e+02
3.5266e+02
3.4209e+02
3.5035e+02
3.2908e+02
3.4666e+02
3.5493e+02
3.5599e+02
3.3516e+02
3.3685e+02
3.3720e+02
3.4562e+02
3.5886e+02
3.5768e+02
3.2403e+02
3.5227e+02
3.0361e+02
3.6583e+02
3.7737e+02
3.8345e+02
3.7333e+02
3.8271e+02
3.6295e+02
3.7945e+02
3.9563e+02
4.6129e+02
4.4936e+02
3.9887e+02
3.7871e+02
4.4088e+02
4.7877e+02
5.1573e+02
4.5003e+02
4.3805e+02
4.5365e+02
5.1002e+02
4.7357e+02
4.7762e+02
4.4392e+02
4.0188e+02
4.0545e+02
3.4808e+02
3.6154e+02
3.2813e+02
3.6176e+02
3.5693e+02
3.7169e+02
3.4635e+02
3.4201e+02
3.3242e+02
3.6239e+02
3.1895e+02
3.5508e+02
3.8069e+02
3.7096e+02
3.6981e+02
3.5283e+02
3.5205e+02
3.3996e+02
3.6180e+02
3.3955e+02
3.6780e+02
3.7100e+02
3.7063e+02
3.4399e+02
3.4941e+02
3.3429e+02
3.5884e+02
4.2254e+02
4.0252e+02
3.4825e+02
3.5371e+02
3.5504e+02
3.6921e+02
3.6473e+02
3.1126e+02
2.9757e+02
3.3988e+02
3.4519e+02
3.4702e+02
3.7678e+02
3.5587e+02
3.8197e+02
3.5902e+02
3.7267e+02
3.5472e+02
3.4949e+02
3.5963e+02
3.5112e+02
3.7917e+02
3.1485e+02
3.3714e+02
3.5470e+02
3.5702e+02
3.0121e+02
3.1083e+02
3.3537e+02
3.3137e+02
3.3491e+02
3.0105e+02
3.1302e+02
3.2998e+02
2.7731e+02
3.2721e+02
3.3536e+02
3.3975e+02
3.1990e+02
3.5927e+02
3.1928e+02
3.2951e+02
3.5271e+02
3.2018e+02
3.2489e+02
3.3476e+02
2.9552e+02
3.3730e+02
3.4654e+02
3.5264e+02
2.8357e+02
3.5351e+02
3.6254e+02
3.1849e+02
3.5155e+02
3.2699e+02
2.7298e+02
3.3868e+02
3.4251e+02
2.6418e+02
3.5484e+02
3.5561e+02
3.2960e+02
2.5388e+02
3.4343e+02
3.1858e+02
3.4232e+02
3.3901e+02
3.2642e+02
3.0349e+02
3.1187e+02
3.4296e+02
3.1526e+02
2.9425e+02
3.3312e+02
3.0844e+02
3.3525e+02
3.4419e+02
3.4666e+02
3.1088e+02
3.2793e+02
3.1997e+02
3.4915e+02
2.9033e+02
3.1228e+02
3.4546e+02
3.7085e+02
3.2003e+02
3.3836e+02
3.1485e+02
3.3109e+02
3.5250e+02
3.2061e+02
3.2240e+02
3.5999e+02
3.4481e+02
3.1976e+02
3.4025e+02
3.4253e+02
3.0517e+02
3.4165e+02
3.0295e+02
3.4818e+02
3.5552e+02
3.6195e+02
3.2391e+02
3.4885e+02
3.3618e+02
3.2811e+02
3.2015e+02
3.3237e+02
3.1753e+02
3.2351e+02
2.9564e+02
3.1910e+02
3.3255e+02
3.2633e+02
2.7590e+02
3.0098e+02
3.3533e+02
2.9805e+02
3.2930e+02
3.2121e+02
3.0014e+02
2.9879e+02
3.1110e+02
2.9778e+02
3.0105e+02
3.2547e+02
2.9710e+02
2.9258e+02
2.8812e+02
3.0750e+02
3.2759e+02
3.5785e+02
3.4304e+02
2.7957e+02
2.8877e+02
3.0668e+02
3.1690e+02
3.1646e+02
2.7213e+02
3.1745e+02
2.8663e+02
2.6393e+02
3.1122e+02
3.0111e+02
3.0677e+02
2.8577e+02
2.4100e+02
2.6115e+02
2.4554e+02
2.5564e+02
2.9337e+02
2.6389e+02
2.7026e+02
2.8775e+02
2.7053e+02
2.8241e+02
2.7418e+02
2.2365e+02
2.7354e+02
2.5749e+02
2.7854e+02
2.7180e+02
2.2255e+02
2.5204e+02
2.4585e+02
2.6131e+02
2.2070e+02
2.0387e+02
2.3947e+02
2.5290e+02
2.1973e+02
2.2776e+02
2.5383e+02
2.2101e+02
2.5468e+02
2.5194e+02
2.4799e+02
2.0619e+02
2.2124e+02
2.7573e+02
2.6303e+02
2.2225e+02
2.4955e+02
2.7666e+02
2.2909e+02
2.3668e+02
2.1878e+02
2.4281e+02
2.2733e+02
2.4070e+02
2.2502e+02
2.4489e+02
2.5461e+02
2.5088e+02
2.1185e+02
2.3336e+02
2.4998e+02
2.3305e+02
2.4388e+02
2.5806e+02
2.4852e+02
2.5745e+02
2.6551e+02
2.2540e+02
2.3041e+02
2.5802e+02
2.5859e+02
2.5181e+02
2.3092e+02
2.7079e+02
2.6948e+02
2.4098e+02
2.1767e+02
2.2116e+02
2.1517e+02
2.3516e+02
2.3825e+02
2.4100e+02
2.5341e+02
2.2679e+02
2.2617e+02
2.2115e+02
2.1793e+02
2.1884e+02
2.3121e+02
2.2234e+02
2.1773e+02
2.2773e+02
2.4531e+02
1.9343e+02
1.9383e+02
2.1990e+02
2.0624e+02
2.0089e+02
2.1647e+02
2.1752e+02
2.0845e+02
2.2694e+02
2.2925e+02
2.0124e+02
2.2481e+02
2.4083e+02
2.3352e+02
2.3664e+02
1.9801e+02
2.2820e+02
2.1539e+02
2.3464e+02
2.1954e+02
2.0664e+02
2.2116e+02
2.4802e+02
2.3923e+02
2.0769e+02
2.3228e+02
2.1116e+02
1.9076e+02
2.1412e+02
2.1222e+02
2.2375e+02
2.1644e+02
1.9545e+02
2.1291e+02
2.2618e+02
2.3499e+02
2.0313e+02
2.3176e+02
2.1267e+02
2.1534e+02
2.0277e+02
1.6976e+02
2.1062e+02
2.1647e+02
2.1999e+02
2.0605e+02
2.0980e+02
1.8650e+02
1.9328e+02
2.1025e+02
1.7531e+02
1.5872e+02
2.0894e+02
2.1142e+02
1.8657e+02
1.9799e+02
2.1077e+02
2.1214e+02
1.9304e+02
1.9443e+02
2.1811e+02
2.0227e+02
1.8931e+02
2.0514e+02
2.0875e+02
1.7867e+02
2.0567e+02
2.1507e+02
2.2716e+02
2.2668e+02
2.1882e+02
2.1510e+02
1.7827e+02
1.9423e+02
2.1106e+02
1.9645e+02
2.1956e+02
2.3504e+02
2.4047e+02
1.9859e+02
2.0766e+02
2.0697e+02
2.2888e+02
1.8689e+02
2.0389e+02
2.2148e+02
2.2027e+02
1.7227e+02
1.7879e+02
1.9846e+02
2.3444e+02
2.2877e+02
2.0654e+02
2.0720e+02
2.1263e+02
2.0811e+02
2.1641e+02
2.0396e+02
2.0623e+02
2.0248e+02
2.3275e+02
1.8358e+02
2.1534e+02
2.0925e+02
2.1509e+02
1.9899e+02
2.2579e+02
2.2392e+02
2.2335e+02
2.2021e+02
1.7713e+02
2.1997e+02
2.1175e+02
1.8796e+02
2.2208e+02
2.2848e+02
2.3154e+02
1.9152e+02
1.7571e+02
2.1116e+02
2.1248e+02
2.0480e+02
2.0761e+02
1.9401e+02
2.1932e+02
2.2240e+02
2.1300e+02
2.1761e+02
2.1984e+02
1.8129e+02
1.7523e+02
2.0367e+02
2.1723e+02
2.2197e+02
1.9276e+02
2.1728e+02
2.1875e+02
2.0660e+02
1.8043e+02
1.9707e+02
2.0771e+02
1.9635e+02
2.0743e+02
1.9796e+02
1.7285e+02
2.1589e+02
2.3699e+02
2.0241e+02
1.8712e+02
2.1882e+02
2.0565e+02
1.7452e+02
2.0520e+02
1.7272e+02
1.9908e+02
1.9301e+02
1.8156e+02
2.0150e+02
2.1557e+02
2.1742e+02
1.9976e+02
2.0084e+02
1.9167e+02
2.0980e+02
2.0541e+02
2.2639e+02
2.2807e+02
2.2026e+02
2.0862e+02
2.0402e+02
1.9851e+02
1.8975e+02
1.8603e+02
1.8331e+02
1.6739e+02
1.8708e+02
1.7359e+02
1.9897e+02
2.1618e+02
2.1184e+02
1.8039e+02
1.7652e+02
2.0290e+02
1.9451e+02
1.8395e+02
1.9655e+02
2.0925e+02
1.8794e+02
1.9903e+02
1.9511e+02
2.0729e+02
