1.6880e+02
1.8396e+02
1.8957e+02
1.6362e+02
1.6703e+02
1.8097e+02
1.6723e+02
1.6749e+02
1.8647e+02
1.7678e+02
1.8955e+02
1.6554e+02
1.4682e+02
1.6326e+02
1.4175e+02
1.8316e+02
1.8992e+02
1.9555e+02
1.8416e+02
1.9157e+02
1.6531e+02
1.8444e+02
1.7391e+02
1.8141e+02
1.7196e+02
1.8953e+02
1.7694e+02
1.6551e+02
1.6582e+02
1.8881e+02
1.9847e+02
2.0347e+02
1.5548e+02
1.7820e+02
1.6242e+02
1.9423e+02
1.6190e+02
1.8304e+02
1.8694e+02
1.7319e+02
1.7160e+02
1.8403e+02
1.7827e+02
1.7410e+02
1.6741e+02
1.7227e+02
1.8135e+02
1.6591e+02
1.9278e+02
1.8941e+02
1.5933e+02
1.9935e+02
1.6475e+02
1.7172e+02
1.7722e+02
1.7883e+02
1.5752e+02
1.8270e+02
1.7867e+02
1.6815e+02
1.9683e+02
1.8422e+02
1.9367e+02
1.8963e+02
1.8722e+02
1.7321e+02
1.9633e+02
2.0287e+02
1.8797e+02
1.9526e+02
1.7316e+02
1.9682e+02
1.8897e+02
1.7265e+02
1.7523e+02
1.8112e+02
1.9807e+02
1.9288e+02
1.9249e+02
1.5798e+02
1.9447e+02
1.6783e+02
1.6885e+02
1.8787e+02
1.9273e+02
1.8745e+02
1.8712e+02
1.7881e+02
1.9595e+02
1.8179e+02
1.5134e+02
1.6549e+02
1.8690e+02
1.7189e+02
1.6594e+02
1.9150e+02
1.9855e+02
1.8266e+02
1.8862e+02
1.7608e+02
1.8311e+02
1.7576e+02
1.8098e+02
1.8764e+02
1.8781e+02
1.8035e+02
1.9415e+02
1.8398e+02
1.8080e+02
1.6688e+02
2.0789e+02
2.0991e+02
1.8616e+02
1.8066e+02
1.6917e+02
1.9777e+02
1.8732e+02
1.8602e+02
2.1737e+02
1.7601e+02
1.9693e+02
1.6394e+02
1.6189e+02
1.9527e+02
1.9302e+02
2.0316e+02
1.9836e+02
1.9366e+02
1.8689e+02
1.6644e+02
1.5965e+02
1.5102e+02
1.6160e+02
1.6456e+02
1.9340e+02
2.1221e+02
1.9958e+02
1.9453e+02
1.6081e+02
1.5513e+02
1.8564e+02
1.8381e+02
1.9878e+02
1.9559e+02
1.6410e+02
1.7445e+02
1.5612e+02
1.9909e+02
2.1446e+02
1.6405e+02
2.0342e+02
1.9265e+02
1.7040e+02
2.0997e+02
1.9047e+02
1.9446e+02
1.8645e+02
1.9858e+02
1.9354e+02
1.9120e+02
2.1093e+02
1.3332e+02
1.6848e+02
2.0809e+02
1.9233e+02
1.9169e+02
1.6134e+02
1.7378e+02
1.9386e+02
1.9091e+02
1.7759e+02
2.0429e+02
1.9290e+02
1.8735e+02
2.1387e+02
1.8489e+02
1.5264e+02
2.0085e+02
2.0140e+02
1.8862e+02
1.5202e+02
1.9304e+02
1.9080e+02
1.8540e+02
1.8334e+02
1.6429e+02
1.7416e+02
1.7539e+02
1.8064e+02
1.6415e+02
1.7234e+02
1.8965e+02
1.8999e+02
1.5657e+02
1.7821e+02
2.0331e+02
2.0614e+02
1.8155e+02
1.9040e+02
1.7851e+02
2.0464e+02
1.9131e+02
2.0885e+02
2.2335e+02
2.0625e+02
2.0793e+02
2.2311e+02
2.3410e+02
1.7545e+02
2.2503e+02
2.1930e+02
2.3545e+02
2.3253e+02
2.0783e+02
1.8067e+02
2.1591e+02
2.3042e+02
2.2608e+02
2.2703e+02
2.2155e+02
2.3969e+02
1.9637e+02
2.3534e+02
2.1430e+02
2.2819e+02
2.4464e+02
2.3243e+02
2.3071e+02
2.5438e+02
2.1846e+02
2.1526e+02
2.4019e+02
2.2268e+02
2.4262e+02
2.0734e+02
2.0177e+02
2.4584e+02
2.2866e+02
1.8780e+02
2.3187e+02
2.0274e+02
2.2403e+02
2.1665e+02
2.1808e+02
2.0949e+02
2.2175e+02
2.3992e+02
2.3843e+02
2.2562e+02
2.3239e+02
1.8619e+02
1.9604e+02
2.3014e+02
2.4757e+02
2.2462e+02
2.1920e+02
2.1897e+02
2.2546e+02
2.2307e+02
2.3746e+02
2.1299e+02
2.0252e+02
2.5069e+02
2.6564e+02
2.4597e+02
2.1128e+02
2.3995e+02
2.5345e+02
2.4005e+02
2.4921e+02
2.5813e+02
2.3532e+02
2.4885e+02
2.5706e+02
2.5725e+02
2.3707e+02
2.4305e+02
2.5068e+02
2.5676e+02
2.5966e+02
2.5002e+02
2.6228e+02
2.4507e+02
2.7249e+02
2.8376e+02
2.9527e+02
2.4628e+02
2.7164e+02
2.5769e+02
2.5594e+02
2.6579e+02
3.1350e+02
2.9956e+02
2.8151e+02
2.6604e+02
2.9192e+02
2.9276e+02
3.0129e+02
3.0101e+02
3.1982e+02
3.2191e+02
2.6922e+02
3.0937e+02
2.8501e+02
2.6627e+02
2.8328e+02
3.0007e+02
3.2313e+02
2.8379e+02
2.4800e+02
2.9911e+02
2.9011e+02
2.7592e+02
3.0835e+02
3.0046e+02
3.0679e+02
3.1456e+02
3.0940e+02
2.6621e+02
2.9943e+02
3.0716e+02
2.7868e+02
2.9696e+02
3.2647e+02
3.0804e+02
2.9019e+02
3.2031e+02
3.1434e+02
3.2345e+02
3.1765e+02
3.4088e+02
3.2866e+02
3.1225e+02
2.8480e+02
3.0778e+02
2.8833e+02
3.0414e+02
2.9660e+02
2.4585e+02
3.0162e+02
2.8752e+02
2.8203e+02
2.9445e+02
2.9779e+02
3.0408e+02
2.9849e+02
2.9151e+02
2.7974e+02
2.8874e+02
3.0276e+02
3.1609e+02
3.0779e+02
2.8371e+02
3.1818e+02
3.0978e+02
3.1806e+02
2.9968e+02
3.1176e+02
2.7431e+02
3.2242e+02
3.3315e+02
3.2870e+02
3.0624e+02
3.1258e+02
3.3023e+02
2.7119e+02
3.3226e+02
3.3640e+02
3.1010e+02
3.1880e+02
3.3165e+02
3.3681e+02
2.9589e+02
3.2099e+02
2.8585e+02
3.1651e+02
3.4325e+02
3.5158e+02
3.5338e+02
3.3585e+02
3.4124e+02
3.6719e+02
3.1694e+02
3.8415e+02
4.2697e+02
4.0543e+02
4.3196e+02
4.5787e+02
5.5989e+02
6.1668e+02
5.1727e+02
4.0577e+02
4.1082e+02
3.8766e+02
4.3717e+02
4.5980e+02
5.3780e+02
6.2728e+02
5.5317e+02
4.3167e+02
4.1356e+02
4.0463e+02
3.3394e+02
3.4279e+02
3.3067e+02
3.5450e+02
3.6112e+02
3.6516e+02
3.2619e+02
3.6481e+02
3.6469e+02
2.9248e+02
3.2146e+02
3.5662e+02
3.3978e+02
3.4073e+02
3.5449e+02
3.6542e+02
3.0754e+02
3.1832e+02
3.2869e+02
3.5046e+02
3.7716e+02
3.7638e+02
3.1868e+02
3.1809e+02
2.9523e+02
3.3910e+02
3.5322e+02
3.2425e+02
2.6248e+02
2.9907e+02
3.1672e+02
3.3439e+02
3.4983e+02
3.4501e+02
3.4648e+02
3.1994e+02
3.3871e+02
3.2532e+02
3.1543e+02
3.3462e+02
2.9005e+02
3.5885e+02
3.1960e+02
2.8845e+02
3.1016e+02
3.2360e+02
3.1196e+02
3.0332e+02
3.0195e+02
3.2508e+02
3.0719e+02
2.7018e+02
2.5749e+02
3.0358e+02
2.8814e+02
3.1167e+02
2.8866e+02
2.8344e+02
2.7319e+02
3.2284e+02
2.9524e+02
3.0874e+02
3.3153e+02
3.0868e+02
2.9991e+02
3.2898e+02
3.1022e+02
3.1145e+02
3.2285e+02
3.3710e+02
3.0499e+02
3.1986e+02
3.4679e+02
2.7692e+02
2.9998e+02
2.7654e+02
2.7239e+02
3.3460e+02
3.2513e+02
2.3856e+02
3.2990e+02
3.3418e+02
3.0400e+02
2.5306e+02
3.2432e+02
3.0865e+02
3.0106e+02
3.2541e+02
3.1955e+02
2.9990e+02
2.5834e+02
3.0488e+02
2.9246e+02
2.8720e+02
3.1246e+02
2.9860e+02
3.0200e+02
3.1999e+02
3.1572e+02
2.9761e+02
3.0390e+02
2.9873e+02
3.3708e+02
2.5705e+02
2.5705e+02
3.0235e+02
3.4314e+02
3.0015e+02
3.0037e+02
2.5497e+02
3.0224e+02
3.3450e+02
2.9604e+02
3.1361e+02
3.3646e+02
3.1795e+02
2.9871e+02
3.1643e+02
3.1473e+02
3.0961e+02
3.0303e+02
3.0281e+02
3.2605e+02
3.3067e+02
3.5056e+02
3.2182e+02
3.2527e+02
3.1228e+02
2.9995e+02
2.9357e+02
3.0966e+02
2.9187e+02
3.0401e+02
2.7075e+02
3.0093e+02
2.9700e+02
3.0210e+02
2.8662e+02
2.8388e+02
3.1071e+02
2.8776e+02
3.1779e+02
2.7787e+02
2.5522e+02
2.8986e+02
2.9747e+02
2.7036e+02
2.8143e+02
2.9351e+02
2.5972e+02
2.7165e+02
2.6992e+02
2.6494e+02
3.0182e+02
3.3203e+02
3.1732e+02
2.5908e+02
2.8515e+02
2.9260e+02
2.8563e+02
2.7390e+02
2.4252e+02
3.0164e+02
2.7328e+02
2.4700e+02
2.8347e+02
2.6696e+02
2.9044e+02
2.5644e+02
2.5416e+02
2.5462e+02
2.1923e+02
2.4637e+02
2.3965e+02
2.1734e+02
2.3657e+02
2.4946e+02
2.5205e+02
2.4655e+02
2.6633e+02
2.4494e+02
2.3399e+02
1.8914e+02
2.2924e+02
2.2825e+02
1.9782e+02
2.0777e+02
2.3480e+02
2.4673e+02
2.2516e+02
2.0987e+02
1.9942e+02
2.0574e+02
1.9464e+02
2.1644e+02
2.1983e+02
1.9024e+02
1.9625e+02
2.2702e+02
2.3223e+02
2.1196e+02
2.2700e+02
2.3186e+02
2.1259e+02
2.2612e+02
2.5494e+02
2.5765e+02
2.0934e+02
2.2667e+02
2.2255e+02
2.3323e+02
2.0797e+02
2.2520e+02
2.3595e+02
2.1546e+02
2.3713e+02
2.4082e+02
2.3554e+02
2.4006e+02
2.2038e+02
2.1831e+02
2.3697e+02
2.3002e+02
2.4900e+02
2.6240e+02
2.3735e+02
1.8592e+02
2.0877e+02
2.3796e+02
2.2908e+02
1.8726e+02
2.1559e+02
2.3879e+02
2.2709e+02
1.9498e+02
2.2591e+02
2.1017e+02
2.1661e+02
2.3600e+02
2.3920e+02
2.2013e+02
2.1844e+02
2.0026e+02
2.4353e+02
2.3208e+02
2.0483e+02
2.0525e+02
2.0094e+02
1.4471e+02
2.0463e+02
2.0455e+02
1.8869e+02
2.1254e+02
2.0661e+02
2.0657e+02
1.9996e+02
2.0795e+02
1.9164e+02
1.9231e+02
1.6009e+02
1.7746e+02
1.9400e+02
1.9752e+02
1.8665e+02
2.0564e+02
1.8678e+02
1.9715e+02
1.9570e+02
2.0184e+02
2.0145e+02
1.9280e+02
1.9284e+02
1.8199e+02
1.9714e+02
2.0644e+02
2.0986e+02
1.9656e+02
2.2082e+02
2.1674e+02
2.1440e+02
2.2663e+02
2.0670e+02
2.4969e+02
2.2449e+02
2.0066e+02
2.2221e+02
2.1585e+02
1.9267e+02
1.9344e+02
2.1384e+02
2.0330e+02
1.8867e+02
2.2677e+02
2.3981e+02
2.0840e+02
1.9452e+02
2.4246e+02
2.2547e+02
2.2480e+02
2.1724e+02
1.7230e+02
2.2739e+02
2.0529e+02
1.9324e+02
2.0454e+02
1.9697e+02
2.1112e+02
1.9560e+02
2.3537e+02
2.3858e+02
2.1317e+02
2.0555e+02
2.2824e+02
1.7572e+02
2.1584e+02
1.8181e+02
2.2060e+02
2.0513e+02
2.1549e+02
2.1593e+02
2.0082e+02
2.1087e+02
2.2017e+02
2.1511e+02
1.8468e+02
2.1473e+02
1.9781e+02
2.2956e+02
2.2338e+02
1.8311e+02
2.0012e+02
2.3314e+02
2.1109e+02
2.0817e+02
2.0111e+02
2.2203e+02
2.1625e+02
2.0127e+02
1.8913e+02
2.0486e+02
2.2523e+02
2.0575e+02
1.8460e+02
1.8532e+02
1.6890e+02
1.9830e+02
1.9604e+02
2.0000e+02
1.9210e+02
2.1578e+02
2.2419e+02
2.0634e+02
2.1893e+02
2.0285e+02
1.9219e+02
2.1051e+02
2.1665e+02
2.3445e+02
2.4022e+02
1.7100e+02
2.2293e+02
2.3908e+02
2.2400e+02
2.0196e+02
2.0020e+02
2.0038e+02
1.8557e+02
2.2942e+02
1.8205e+02
2.1727e+02
1.6151e+02
2.1434e+02
1.8217e+02
1.8183e+02
1.6900e+02
1.9946e+02
2.1732e+02
1.9270e+02
2.1816e+02
2.1523e+02
1.9388e+02
2.1204e+02
2.0368e+02
2.0211e+02
2.0088e+02
2.1215e+02
2.0364e+02
2.2332e+02
2.0055e+02
1.7421e+02
1.8917e+02
2.2259e+02
2.1225e+02
2.0892e+02
2.0026e+02
1.9958e+02
1.9668e+02
1.9926e+02
1.9103e+02
2.0677e+02
1.8530e+02
2.0424e+02
1.9195e+02
1.9839e+02
2.1177e+02
1.9064e+02
2.1719e+02
2.2712e+02
2.2002e+02
1.9930e+02
1.9983e+02
1.9513e+02
1.9003e+02
1.9136e+02
2.1797e+02
2.3300e+02
2.1164e+02
2.0995e+02
1.9413e+02
1.9671e+02
2.0337e+02
1.7375e+02
2.2778e+02
1.8092e+02
1.8506e+02
1.9832e+02
1.9820e+02
2.0443e+02
1.7297e+02
1.5883e+02
1.8113e+02
2.1129e+02
1.9190e+02
2.0547e+02
1.6463e+02
1.9582e+02
1.9632e+02
2.1769e+02
1.8169e+02
2.3712e+02
2.2358e+02
2.0010e+02
2.0605e+02
