1.8255e+02
2.0079e+02
1.8258e+02
1.8228e+02
1.9218e+02
1.6406e+02
1.8717e+02
1.6070e+02
1.8139e+02
1.8612e+02
1.8863e+02
1.8550e+02
1.6671e+02
1.7708e+02
1.7671e+02
1.8259e+02
1.7993e+02
2.0077e+02
1.9539e+02
1.6260e+02
1.7048e+02
1.6535e+02
1.7617e+02
1.7479e+02
1.5266e+02
1.8942e+02
1.9370e+02
1.9677e+02
1.8387e+02
1.5141e+02
1.6382e+02
1.8651e+02
1.9179e+02
1.9106e+02
1.5961e+02
1.8668e+02
1.8727e+02
1.8154e+02
1.9620e+02
1.9545e+02
1.8768e+02
1.7100e+02
1.6558e+02
1.7745e+02
1.6207e+02
1.3950e+02
1.8524e+02
1.7916e+02
1.7149e+02
1.9345e+02
1.6897e+02
1.9939e+02
2.0724e+02
2.0061e+02
1.8021e+02
1.5143e+02
1.8124e+02
1.8686e+02
2.0795e+02
1.8930e+02
1.9396e+02
1.9107e+02
1.8896e+02
2.0030e+02
1.9224e+02
1.9268e+02
1.9196e+02
1.7816e+02
1.8061e+02
2.0621e+02
1.8527e+02
1.7096e+02
1.9110e+02
1.9540e+02
1.7974e+02
1.6898e+02
1.8821e+02
1.7669e+02
1.6845e+02
1.8004e+02
1.5534e+02
1.8183e+02
1.9113e+02
1.7253e+02
1.6940e+02
1.7537e+02
1.9602e+02
1.8956e+02
1.8930e+02
1.9400e+02
1.9098e+02
2.1158e+02
2.0095e+02
1.9881e+02
1.8480e+02
1.5452e+02
1.7869e+02
2.0544e+02
2.0316e+02
1.6091e+02
1.9213e+02
2.0002e+02
1.8005e+02
1.9304e+02
1.8864e+02
1.9060e+02
1.8558e+02
1.9192e+02
1.9155e+02
1.7640e+02
1.7180e+02
1.6846e+02
1.8859e+02
1.8880e+02
1.9147e+02
1.9810e+02
1.8441e+02
1.8580e+02
1.9486e+02
1.9715e+02
1.7862e+02
1.9119e+02
1.7007e+02
1.7064e+02
1.9246e+02
1.8273e+02
1.9914e+02
1.8446e+02
1.5950e+02
1.6877e+02
1.6752e+02
1.9743e+02
1.7097e+02
1.7490e+02
1.8244e+02
1.6414e+02
1.4680e+02
1.5796e+02
1.8872e+02
1.5334e+02
1.9421e+02
1.7320e+02
1.8667e+02
1.7795e+02
1.7938e+02
1.9928e+02
2.0278e+02
1.7720e+02
1.8487e+02
2.0305e+02
1.8452e+02
1.6031e+02
1.6967e+02
1.8269e+02
1.9459e+02
1.9169e+02
2.0130e+02
1.9639e+02
1.7940e+02
1.9230e+02
1.7772e+02
1.7671e+02
2.1363e+02
2.0834e+02
1.8713e+02
1.7276e+02
2.0063e+02
1.8198e+02
1.8627e+02
1.7404e+02
1.8360e+02
1.4299e+02
1.8097e+02
1.6654e+02
1.9640e+02
1.7534e+02
1.7112e+02
1.6793e+02
1.8081e+02
1.5588e+02
1.8353e+02
1.7110e+02
2.0159e+02
2.0856e+02
1.6075e+02
1.4837e+02
1.8774e+02
1.7160e+02
1.9136e+02
1.7994e+02
1.8530e+02
1.9855e+02
1.9021e+02
1.9851e+02
1.7570e+02
1.6114e+02
1.8871e+02
1.7702e+02
1.9559e+02
2.1019e+02
1.8581e+02
1.7699e+02
2.0569e+02
1.8312e+02
1.7852e+02
1.5481e+02
1.8642e+02
1.7485e+02
1.9696e+02
1.7965e+02
1.7256e+02
1.7634e+02
1.8925e+02
1.8707e+02
1.5233e+02
1.9770e+02
1.9786e+02
1.6366e+02
1.7009e+02
1.9996e+02
1.9223e+02
1.9102e+02
1.8015e+02
1.9986e+02
1.8922e+02
1.8058e+02
1.7093e+02
1.9228e+02
1.8385e+02
1.7934e+02
1.6826e+02
1.8241e+02
1.9358e+02
1.8822e+02
1.8878e+02
1.9853e+02
1.9069e+02
1.7758e+02
1.6129e+02
1.5650e+02
1.9628e+02
2.0807e+02
1.6492e+02
1.9012e+02
2.0340e+02
1.8853e+02
1.8270e+02
1.9932e+02
1.8324e+02
1.3780e+02
1.6705e+02
1.7650e+02
1.9149e+02
1.9312e+02
2.0228e+02
1.5808e+02
1.7538e+02
1.7533e+02
1.7784e+02
1.9403e+02
1.9206e+02
1.8640e+02
1.8581e+02
1.8894e+02
1.7116e+02
1.6689e+02
1.7089e+02
1.7097e+02
1.9122e+02
2.0067e+02
1.8443e+02
1.6346e+02
1.5880e+02
1.8935e+02
1.9403e+02
1.6552e+02
1.4745e+02
1.9971e+02
1.9209e+02
1.8961e+02
1.6391e+02
1.8320e+02
1.8384e+02
1.9544e+02
1.8035e+02
1.8349e+02
1.9165e+02
1.9821e+02
2.0176e+02
1.9116e+02
1.9161e+02
1.7775e+02
1.8274e+02
2.1227e+02
1.9701e+02
1.9802e+02
1.7750e+02
1.7132e+02
2.0127e+02
2.0241e+02
2.0906e+02
2.0114e+02
2.0824e+02
2.3510e+02
2.1594e+02
2.0782e+02
1.9727e+02
2.1143e+02
1.9582e+02
2.2179e+02
2.3262e+02
2.0936e+02
2.4199e+02
2.3519e+02
2.2790e+02
2.1364e+02
2.3080e+02
2.4205e+02
2.2870e+02
2.0820e+02
2.4166e+02
2.4075e+02
2.4129e+02
2.4404e+02
2.2312e+02
2.2749e+02
2.3968e+02
1.9346e+02
2.5754e+02
2.3420e+02
2.1659e+02
2.1921e+02
2.1695e+02
2.5017e+02
2.1139e+02
2.3820e+02
2.3706e+02
2.2407e+02
2.1001e+02
2.0491e+02
2.2774e+02
2.2704e+02
2.2356e+02
2.2970e+02
2.1735e+02
2.4025e+02
1.7648e+02
2.2625e+02
2.1060e+02
2.2912e+02
2.1428e+02
2.3883e+02
2.3853e+02
2.2818e+02
2.1880e+02
2.1927e+02
2.2386e+02
2.1389e+02
2.1981e+02
2.2333e+02
2.1150e+02
2.2267e+02
1.9292e+02
1.8632e+02
1.8678e+02
1.9576e+02
1.9244e+02
2.1029e+02
2.1593e+02
2.1261e+02
1.6654e+02
1.6896e+02
1.9668e+02
1.6249e+02
2.0438e+02
1.7584e+02
1.8403e+02
1.7038e+02
1.7883e+02
2.0080e+02
1.7442e+02
1.9536e+02
2.0763e+02
1.8335e+02
1.9528e+02
1.9335e+02
1.9440e+02
1.8141e+02
1.8237e+02
1.7651e+02
1.6964e+02
1.8541e+02
1.8795e+02
2.1354e+02
2.0292e+02
1.9239e+02
2.2540e+02
2.0037e+02
2.3323e+02
1.9475e+02
2.1783e+02
2.3244e+02
2.0323e+02
2.3408e+02
2.0395e+02
1.9368e+02
2.1501e+02
2.0539e+02
2.2895e+02
2.0344e+02
2.3726e+02
2.6296e+02
2.6579e+02
2.5482e+02
2.3475e+02
2.4288e+02
2.6183e+02
2.4500e+02
2.4048e+02
2.2245e+02
2.3712e+02
2.5768e+02
2.7461e+02
2.6604e+02
2.5240e+02
2.7179e+02
2.6369e+02
2.5500e+02
2.3521e+02
2.6301e+02
2.5517e+02
2.7264e+02
2.4189e+02
2.5358e+02
2.8030e+02
2.7474e+02
2.7047e+02
2.7853e+02
2.6434e+02
2.8105e+02
2.3484e+02
2.4706e+02
2.5081e+02
2.5685e+02
2.3155e+02
2.4582e+02
2.6175e+02
2.5127e+02
2.4564e+02
2.6026e+02
2.7736e+02
2.2783e+02
2.3327e+02
2.3275e+02
2.3696e+02
2.5235e+02
2.2009e+02
2.1520e+02
2.4664e+02
2.2481e+02
2.4157e+02
2.2636e+02
2.2112e+02
2.3255e+02
2.4047e+02
2.3648e+02
2.2341e+02
1.9926e+02
2.3461e+02
2.3357e+02
1.8814e+02
1.9903e+02
2.0131e+02
2.2548e+02
2.2117e+02
2.5051e+02
2.2231e+02
1.9461e+02
2.0843e+02
2.0078e+02
2.1162e+02
2.3225e+02
2.0418e+02
1.8267e+02
2.3542e+02
1.8560e+02
1.9956e+02
1.6611e+02
2.0220e+02
2.3656e+02
2.1415e+02
1.9528e+02
2.4522e+02
1.9712e+02
1.8665e+02
1.9882e+02
1.8751e+02
1.9175e+02
2.0668e+02
1.4882e+02
1.8254e+02
1.8861e+02
1.8692e+02
1.8098e+02
1.8345e+02
1.9101e+02
1.9133e+02
1.7617e+02
1.9329e+02
1.7609e+02
1.9627e+02
1.9227e+02
1.8016e+02
1.7880e+02
2.1194e+02
1.7994e+02
2.1260e+02
1.9464e+02
2.0936e+02
2.1577e+02
1.9245e+02
2.1181e+02
2.2042e+02
2.0966e+02
2.1880e+02
2.2590e+02
1.8522e+02
2.2119e+02
2.1258e+02
2.0358e+02
2.0676e+02
2.1940e+02
2.2984e+02
1.8837e+02
2.2098e+02
2.3317e+02
2.2013e+02
2.3285e+02
2.4816e+02
2.2532e+02
2.1368e+02
2.1111e+02
2.1226e+02
2.1867e+02
1.7960e+02
2.2733e+02
1.8780e+02
2.2305e+02
2.2829e+02
2.1823e+02
2.1991e+02
2.1736e+02
2.2131e+02
2.3780e+02
1.9679e+02
2.0719e+02
2.1807e+02
1.9635e+02
2.2149e+02
1.9485e+02
1.9715e+02
1.9615e+02
2.1058e+02
1.9984e+02
2.1907e+02
1.8176e+02
1.7293e+02
2.1094e+02
2.0956e+02
2.1909e+02
1.9929e+02
2.0792e+02
1.9055e+02
1.9087e+02
1.5562e+02
2.1077e+02
1.9199e+02
1.7695e+02
1.7865e+02
1.9891e+02
2.0028e+02
1.7855e+02
1.6891e+02
1.7768e+02
1.9467e+02
1.7008e+02
1.6798e+02
1.4536e+02
1.8012e+02
2.0366e+02
1.8029e+02
1.7754e+02
1.9947e+02
1.6546e+02
1.9022e+02
2.0342e+02
1.9825e+02
1.8361e+02
1.9173e+02
1.8503e+02
1.7266e+02
1.8403e+02
2.0698e+02
1.8930e+02
1.8538e+02
1.9377e+02
1.6758e+02
1.8426e+02
1.7499e+02
1.6587e+02
1.6198e+02
1.9176e+02
1.7310e+02
1.9409e+02
1.8525e+02
1.6119e+02
1.8624e+02
1.8700e+02
1.9637e+02
1.7245e+02
1.8915e+02
1.8270e+02
1.8349e+02
1.8841e+02
1.6087e+02
1.5373e+02
1.5913e+02
1.7832e+02
1.6389e+02
2.0217e+02
1.7505e+02
1.9227e+02
1.8336e+02
1.8247e+02
1.6416e+02
1.6639e+02
1.6498e+02
1.7481e+02
1.9200e+02
2.0172e+02
2.0841e+02
1.9540e+02
1.8428e+02
1.6839e+02
2.0050e+02
1.6582e+02
1.8798e+02
1.4217e+02
1.7099e+02
1.7685e+02
1.7203e+02
1.7255e+02
2.0419e+02
1.8468e+02
1.7250e+02
1.7159e+02
1.9947e+02
2.0155e+02
2.0593e+02
1.8791e+02
1.6764e+02
1.6368e+02
1.6880e+02
1.9371e+02
2.0410e+02
1.6715e+02
1.9234e+02
1.7659e+02
1.9046e+02
1.8302e+02
1.8944e+02
1.7137e+02
1.8679e+02
1.8198e+02
1.6845e+02
1.7812e+02
1.6349e+02
1.7204e+02
1.8448e+02
1.7997e+02
1.8229e+02
1.6839e+02
1.8413e+02
2.0355e+02
1.9157e+02
1.9514e+02
1.7366e+02
1.9564e+02
1.4859e+02
1.8606e+02
1.8797e+02
1.7638e+02
1.5330e+02
1.8648e+02
1.6497e+02
1.9106e+02
1.9368e+02
1.7595e+02
1.7483e+02
1.7083e+02
1.6375e+02
1.9206e+02
1.3521e+02
1.7133e+02
1.8797e+02
1.6147e+02
1.7640e+02
1.8705e+02
1.8497e+02
1.9146e+02
1.7736e+02
1.8466e+02
1.8802e+02
1.6903e+02
1.7636e+02
1.8738e+02
1.9854e+02
1.6833e+02
1.8851e+02
2.0416e+02
1.6873e+02
1.6125e+02
1.8754e+02
1.7794e+02
1.9298e+02
1.6397e+02
1.8471e+02
2.0506e+02
1.8168e+02
1.7234e+02
1.6930e+02
1.6498e+02
1.6057e+02
1.7564e+02
1.9413e+02
1.8864e+02
1.8197e+02
1.8446e+02
1.6760e+02
1.5789e+02
1.9412e+02
1.6905e+02
1.7735e+02
1.9530e+02
1.8900e+02
1.8628e+02
1.6236e+02
1.6129e+02
1.8734e+02
1.8932e+02
1.7779e+02
1.7408e+02
1.7392e+02
1.8400e+02
1.8566e+02
1.6425e+02
1.9083e+02
1.8084e+02
1.6675e+02
1.6462e+02
1.8310e+02
1.9444e+02
1.7513e+02
1.5921e+02
1.9446e+02
1.7962e+02
1.5357e+02
2.0086e+02
1.8115e+02
1.9101e+02
2.0063e+02
1.9405e+02
1.6216e+02
1.6596e+02
1.8748e+02
1.7284e+02
1.7743e+02
1.6441e+02
1.6912e+02
1.9528e+02
1.8143e+02
1.9112e+02
1.7031e+02
2.0426e+02
2.0307e+02
1.7795e+02
1.7529e+02
1.8157e+02
1.7324e+02
1.8017e+02
2.0537e+02
1.8630e+02
1.5521e+02
1.3652e+02
1.7114e+02
2.0262e+02
1.5666e+02
1.5984e+02
1.6341e+02
1.5015e+02
1.8765e+02
1.8728e+02
1.8372e+02
1.6351e+02
1.8170e+02
1.8479e+02
1.4553e+02
1.8669e+02
1.7878e+02
1.9853e+02
1.9801e+02
2.0882e+02
2.0167e+02
1.9131e+02
1.8981e+02
1.8650e+02
1.9729e+02
1.7576e+02
1.5683e+02
2.0300e+02
1.8725e+02
1.7898e+02
1.6847e+02
1.6670e+02
1.9200e+02
1.8272e+02
1.9355e+02
1.9248e+02
1.7995e+02
1.7455e+02
1.6955e+02
1.7826e+02
1.9259e+02
1.9786e+02
1.8688e+02
2.0579e+02
1.7601e+02
1.6767e+02
1.8228e+02
1.7440e+02
1.9415e+02
1.8307e+02
1.8222e+02
1.6499e+02
1.6580e+02
1.6599e+02
1.4689e+02
1.6572e+02
1.7719e+02
1.8040e+02
1.7436e+02
1.8352e+02
1.8068e+02
1.6836e+02
1.6870e+02
1.8724e+02
1.6761e+02
1.9441e+02
1.8148e+02
1.7794e+02
1.7491e+02
1.7709e+02
1.6646e+02
1.8666e+02
1.8367e+02
