1.7892e+02
1.7450e+02
1.9687e+02
1.8176e+02
1.8552e+02
1.9741e+02
1.8763e+02
1.7476e+02
1.6139e+02
1.9202e+02
1.8499e+02
1.6218e+02
1.8451e+02
1.2679e+02
1.8457e+02
1.7181e+02
1.6698e+02
1.6992e+02
1.6898e+02
1.8220e+02
1.7766e+02
1.8739e+02
1.8181e+02
1.7011e+02
1.6470e+02
1.8483e+02
1.9813e+02
1.7307e+02
1.8472e+02
2.0534e+02
1.7720e+02
1.9511e+02
1.6782e+02
1.7837e+02
1.9692e+02
1.9197e+02
2.0168e+02
1.9219e+02
1.7089e+02
1.8412e+02
1.8412e+02
1.4559e+02
1.7804e+02
1.5162e+02
1.8901e+02
1.9453e+02
1.8118e+02
1.7732e+02
1.8483e+02
1.8991e+02
1.7411e+02
1.9131e+02
1.8465e+02
1.9512e+02
1.6817e+02
1.8324e+02
1.9775e+02
1.9138e+02
1.7695e+02
1.7125e+02
1.8795e+02
1.8922e+02
1.9417e+02
1.3541e+02
1.8425e+02
1.8826e+02
1.8187e+02
1.6929e+02
1.7470e+02
1.6050e+02
1.4935e+02
1.6902e+02
1.7513e+02
1.7094e+02
1.9218e+02
1.8729e+02
1.8578e+02
1.6614e+02
1.6471e+02
1.7074e+02
1.9444e+02
1.7391e+02
1.8227e+02
1.5943e+02
1.8752e+02
1.6983e+02
1.7676e+02
1.7351e+02
1.7754e+02
1.7978e+02
1.8249e+02
1.8139e+02
1.8620e+02
1.8775e+02
2.0374e+02
1.9482e+02
1.8146e+02
1.6643e+02
1.8242e+02
1.9255e+02
1.8437e+02
1.7923e+02
1.6785e+02
1.9316e+02
1.8989e+02
1.6469e+02
1.7693e+02
1.5241e+02
1.7511e+02
1.8411e+02
1.6564e+02
1.8092e+02
1.9102e+02
1.9072e+02
1.8312e+02
1.7577e+02
1.5312e+02
1.8365e+02
1.7692e+02
1.8261e+02
1.7837e+02
1.6224e+02
1.6964e+02
1.8534e+02
1.9538e+02
1.5409e+02
1.8236e+02
1.8299e+02
1.4862e+02
1.8518e+02
1.8699e+02
1.8344e+02
1.7253e+02
1.5932e+02
1.5103e+02
1.9427e+02
1.7140e+02
1.8698e+02
1.8660e+02
1.4907e+02
2.0408e+02
2.0473e+02
1.7742e+02
1.7277e+02
1.9136e+02
1.9910e+02
1.9309e+02
1.7290e+02
1.6319e+02
2.0990e+02
2.1888e+02
1.9946e+02
1.9570e+02
1.9722e+02
1.9086e+02
1.8479e+02
1.5568e+02
1.7183e+02
1.6476e+02
1.8280e+02
1.6288e+02
1.8586e+02
1.5139e+02
2.0137e+02
1.9498e+02
1.8725e+02
1.8947e+02
1.5165e+02
1.5868e+02
1.8754e+02
1.6422e+02
1.8359e+02
1.9122e+02
1.7302e+02
1.8471e+02
1.9677e+02
1.6469e+02
1.6063e+02
1.6745e+02
1.8397e+02
1.8368e+02
1.8340e+02
1.7042e+02
1.8244e+02
1.8076e+02
1.8712e+02
1.5570e+02
1.4742e+02
1.7644e+02
1.8861e+02
1.9227e+02
1.9979e+02
1.8907e+02
1.7996e+02
1.6873e+02
1.9648e+02
1.8811e+02
1.8853e+02
1.9603e+02
1.8883e+02
1.8712e+02
1.8492e+02
1.8910e+02
1.5599e+02
1.7218e+02
1.7852e+02
2.0001e+02
1.9566e+02
1.9746e+02
1.5682e+02
1.8108e+02
1.8030e+02
1.9032e+02
1.7889e+02
1.6017e+02
1.6923e+02
1.8919e+02
1.9009e+02
1.8306e+02
1.9386e+02
1.8350e+02
1.7443e+02
1.9377e+02
1.7539e+02
1.8475e+02
2.0435e+02
1.8351e+02
1.8672e+02
1.7957e+02
1.8275e+02
1.8298e+02
1.9114e+02
1.8274e+02
1.8356e+02
1.9345e+02
1.9389e+02
1.8129e+02
1.7406e+02
1.9201e+02
2.0396e+02
2.0008e+02
1.6141e+02
1.7639e+02
1.7700e+02
1.8484e+02
1.7629e+02
1.7514e+02
2.0946e+02
1.5926e+02
1.6193e+02
1.9354e+02
1.7389e+02
1.5572e+02
1.9774e+02
1.9148e+02
1.8323e+02
1.7286e+02
1.9952e+02
2.0603e+02
1.7897e+02
2.1077e+02
1.5913e+02
1.6736e+02
1.7683e+02
1.5478e+02
1.8502e+02
1.7212e+02
1.8844e+02
1.8461e+02
1.8204e+02
1.6652e+02
1.8473e+02
1.8517e+02
1.9730e+02
1.9948e+02
1.8841e+02
1.7863e+02
1.9300e+02
2.0713e+02
1.8578e+02
1.9041e+02
2.0139e+02
1.9222e+02
1.9538e+02
1.7291e+02
1.8159e+02
2.0126e+02
1.8849e+02
2.2040e+02
2.0176e+02
1.8938e+02
1.9765e+02
2.0032e+02
2.2975e+02
1.9412e+02
2.1373e+02
2.1760e+02
2.0376e+02
2.0024e+02
2.1415e+02
2.1681e+02
2.0537e+02
2.0669e+02
2.3589e+02
2.3536e+02
2.4545e+02
2.3796e+02
2.6907e+02
2.1597e+02
2.3548e+02
2.4623e+02
2.6752e+02
2.4626e+02
2.1181e+02
2.2960e+02
2.4333e+02
2.3866e+02
2.3487e+02
2.1175e+02
2.0604e+02
2.1761e+02
2.3704e+02
2.4967e+02
1.9509e+02
2.2738e+02
2.1364e+02
2.1095e+02
2.2147e+02
2.5302e+02
2.4619e+02
2.4077e+02
2.4518e+02
2.4976e+02
2.5850e+02
2.3971e+02
2.2699e+02
2.4301e+02
2.2337e+02
2.5220e+02
2.1405e+02
2.3960e+02
2.3394e+02
2.4269e+02
2.3453e+02
2.2088e+02
2.1737e+02
1.9983e+02
2.1540e+02
2.1497e+02
2.1429e+02
2.0986e+02
2.3674e+02
2.3141e+02
2.0569e+02
2.2592e+02
2.1533e+02
2.3381e+02
2.2103e+02
2.4455e+02
1.9145e+02
2.0236e+02
2.0792e+02
2.1354e+02
1.8901e+02
1.8556e+02
2.2548e+02
2.2765e+02
1.9570e+02
2.1244e+02
2.1608e+02
2.1200e+02
2.1824e+02
2.2039e+02
2.2182e+02
2.1785e+02
1.8988e+02
1.9731e+02
2.0294e+02
2.1695e+02
1.9787e+02
1.9690e+02
2.0974e+02
2.0731e+02
2.5226e+02
2.5822e+02
2.1716e+02
1.5839e+02
2.1205e+02
1.9080e+02
1.5064e+02
1.8789e+02
2.0316e+02
2.0136e+02
2.1074e+02
2.2494e+02
2.1380e+02
1.5135e+02
2.2484e+02
2.4431e+02
1.8588e+02
2.2978e+02
2.4659e+02
2.1423e+02
1.9152e+02
2.1195e+02
2.1808e+02
2.2371e+02
2.1658e+02
1.9905e+02
1.9315e+02
2.4229e+02
1.8938e+02
2.2643e+02
2.2991e+02
2.1895e+02
2.2823e+02
2.4019e+02
2.4783e+02
2.3228e+02
2.1239e+02
2.4893e+02
2.5483e+02
2.3409e+02
2.3762e+02
2.3674e+02
2.1310e+02
2.5735e+02
2.7183e+02
2.7820e+02
2.4938e+02
2.7395e+02
2.3125e+02
3.1007e+02
2.7345e+02
2.6154e+02
2.6026e+02
2.8057e+02
2.4233e+02
2.6470e+02
2.8384e+02
2.6174e+02
2.3773e+02
2.3115e+02
2.4041e+02
2.5853e+02
2.4012e+02
2.3949e+02
2.4491e+02
2.1927e+02
2.5041e+02
2.3229e+02
2.5279e+02
2.3481e+02
2.2216e+02
2.2099e+02
2.1830e+02
2.3262e+02
2.5481e+02
2.3145e+02
2.3298e+02
1.8251e+02
2.2889e+02
2.3959e+02
2.3271e+02
2.3609e+02
2.3208e+02
2.3293e+02
2.4699e+02
2.4869e+02
2.5632e+02
2.2148e+02
1.9267e+02
2.4139e+02
2.3747e+02
2.3080e+02
2.4416e+02
2.0353e+02
1.9680e+02
2.4244e+02
2.2544e+02
2.2623e+02
2.0460e+02
2.0710e+02
2.0585e+02
1.6654e+02
2.2410e+02
2.3380e+02
1.7738e+02
1.9746e+02
1.6763e+02
1.9171e+02
2.0233e+02
1.7713e+02
1.9361e+02
2.0597e+02
2.0162e+02
2.2067e+02
2.1001e+02
1.9602e+02
2.0826e+02
1.7444e+02
1.9292e+02
2.0126e+02
1.9863e+02
1.7974e+02
1.8094e+02
2.0255e+02
1.6797e+02
1.9800e+02
1.9234e+02
1.9889e+02
2.0767e+02
2.1361e+02
2.1083e+02
2.1718e+02
2.1622e+02
2.0229e+02
1.9738e+02
2.0041e+02
2.1220e+02
2.0602e+02
2.3457e+02
2.0193e+02
2.0887e+02
2.1813e+02
2.2664e+02
2.3202e+02
2.0398e+02
1.8887e+02
2.1420e+02
1.9111e+02
2.1754e+02
1.9485e+02
2.2300e+02
2.1892e+02
2.1796e+02
2.2977e+02
2.5844e+02
2.3554e+02
2.2486e+02
2.3641e+02
2.5790e+02
1.8629e+02
2.1327e+02
2.1046e+02
1.9935e+02
2.2824e+02
2.1513e+02
2.2853e+02
2.2590e+02
2.1700e+02
2.2047e+02
2.3482e+02
2.1579e+02
2.2850e+02
2.1227e+02
2.4065e+02
2.1573e+02
2.3838e+02
1.9989e+02
2.3364e+02
2.3184e+02
2.0065e+02
2.3980e+02
2.1788e+02
1.9096e+02
1.9823e+02
2.1563e+02
2.2640e+02
2.3664e+02
2.1231e+02
1.9879e+02
2.1659e+02
2.1481e+02
2.0965e+02
1.9840e+02
1.9322e+02
1.8838e+02
1.9156e+02
1.8701e+02
1.6809e+02
2.0784e+02
1.9858e+02
1.8751e+02
1.7898e+02
1.5930e+02
1.7628e+02
1.7521e+02
1.6764e+02
1.9419e+02
2.0501e+02
2.0304e+02
1.8071e+02
1.5800e+02
1.8149e+02
1.7184e+02
1.7094e+02
1.6657e+02
1.6613e+02
1.8192e+02
1.9213e+02
1.9923e+02
1.9563e+02
1.9106e+02
1.7970e+02
1.6642e+02
1.6264e+02
1.6538e+02
1.8381e+02
1.8940e+02
1.6623e+02
1.8065e+02
1.8323e+02
2.0161e+02
2.0330e+02
1.7859e+02
1.6545e+02
1.6669e+02
1.7586e+02
1.8792e+02
1.7428e+02
1.9622e+02
2.0028e+02
1.8810e+02
2.0155e+02
1.5647e+02
1.7946e+02
1.8990e+02
1.9039e+02
1.7314e+02
1.8415e+02
1.6402e+02
2.1050e+02
1.9548e+02
2.0820e+02
1.7893e+02
1.8275e+02
1.8419e+02
1.8542e+02
1.7921e+02
1.9621e+02
2.0107e+02
1.7911e+02
1.7267e+02
1.6476e+02
1.7979e+02
1.9419e+02
2.0750e+02
2.1813e+02
1.5330e+02
2.0247e+02
1.4000e+02
1.8365e+02
1.8289e+02
1.7759e+02
1.8258e+02
1.9625e+02
1.7311e+02
1.9276e+02
1.9376e+02
1.8029e+02
1.5894e+02
2.0034e+02
2.0390e+02
1.6789e+02
1.8292e+02
1.5874e+02
1.8295e+02
1.8972e+02
1.6890e+02
1.5875e+02
1.6220e+02
1.7520e+02
1.9955e+02
1.8871e+02
1.7861e+02
1.7254e+02
1.8261e+02
1.4619e+02
1.8370e+02
1.8097e+02
1.7717e+02
1.7814e+02
2.0006e+02
1.9273e+02
1.7594e+02
1.3802e+02
1.8679e+02
1.7948e+02
1.8517e+02
1.9684e+02
1.5799e+02
1.7119e+02
1.7837e+02
1.6754e+02
1.7593e+02
1.7311e+02
1.9368e+02
1.9215e+02
1.7202e+02
1.9092e+02
1.8422e+02
1.8851e+02
1.7990e+02
1.8980e+02
2.0024e+02
1.9899e+02
1.6240e+02
1.6772e+02
1.8293e+02
1.8384e+02
1.8987e+02
1.8860e+02
1.8097e+02
1.8219e+02
1.9084e+02
1.9795e+02
1.7250e+02
1.7489e+02
1.8851e+02
1.8032e+02
1.7805e+02
1.6929e+02
1.6097e+02
1.8058e+02
1.7883e+02
1.7137e+02
1.7951e+02
1.7698e+02
1.5430e+02
1.8824e+02
1.6949e+02
1.6080e+02
1.6924e+02
1.6300e+02
1.8043e+02
1.8580e+02
1.7688e+02
1.6089e+02
1.9193e+02
1.7225e+02
1.6161e+02
1.8328e+02
1.7444e+02
1.9060e+02
1.8769e+02
1.6825e+02
1.5691e+02
1.8796e+02
1.9439e+02
1.9111e+02
1.9184e+02
2.0464e+02
1.9432e+02
1.6642e+02
1.8810e+02
1.7139e+02
1.8804e+02
2.0875e+02
1.8872e+02
2.0094e+02
1.6639e+02
1.6357e+02
1.5771e+02
1.6267e+02
1.6178e+02
1.8454e+02
1.6420e+02
1.7112e+02
1.7965e+02
1.7137e+02
1.9419e+02
1.7074e+02
1.7502e+02
1.7810e+02
1.9317e+02
1.9055e+02
1.6754e+02
1.7049e+02
1.7567e+02
1.9787e+02
1.7451e+02
1.7977e+02
2.0158e+02
1.7553e+02
1.5542e+02
1.6890e+02
1.6582e+02
1.8319e+02
1.8183e+02
1.8204e+02
1.5126e+02
1.8554e+02
1.5720e+02
2.0424e+02
2.1295e+02
1.9680e+02
1.6817e+02
1.6506e+02
1.9213e+02
1.8843e+02
1.6927e+02
1.6710e+02
1.8505e+02
1.6236e+02
1.8626e+02
1.7692e+02
1.8875e+02
1.8776e+02
2.0499e+02
1.7283e+02
1.8386e+02
1.7706e+02
2.0188e+02
1.8513e+02
1.7935e+02
1.9583e+02
1.8221e+02
1.6736e+02
1.8325e+02
1.7971e+02
1.9071e+02
2.0636e+02
1.6617e+02
1.8672e+02
1.7462e+02
1.6847e+02
1.5421e+02
1.4621e+02
1.7490e+02
1.7823e+02
1.6810e+02
1.8256e+02
2.0069e+02
1.5480e+02
1.7666e+02
1.5123e+02
1.9084e+02
1.4486e+02
1.5473e+02
1.7094e+02
1.8414e+02
1.8797e+02
1.9409e+02
1.8785e+02
1.8788e+02
1.8670e+02
1.7931e+02
1.6508e+02
1.6205e+02
1.8669e+02
1.6343e+02
1.6524e+02
1.5624e+02
1.9599e+02
1.9909e+02
1.7423e+02
1.7713e+02
1.8148e+02
1.8076e+02
2.0952e+02
1.9841e+02
1.8823e+02
1.6338e+02
1.7342e+02
