1.8835e+02
1.8894e+02
1.8358e+02
1.7589e+02
1.9382e+02
1.6400e+02
1.8658e+02
2.0078e+02
1.7786e+02
1.6008e+02
1.8492e+02
1.7886e+02
1.6985e+02
1.8380e+02
1.8022e+02
1.7735e+02
1.6560e+02
1.9310e+02
1.9058e+02
1.6607e+02
1.8741e+02
1.7407e+02
1.6985e+02
1.7829e+02
1.7901e+02
1.8599e+02
1.8932e+02
1.9544e+02
1.8258e+02
1.5067e+02
1.5880e+02
1.7671e+02
1.7473e+02
1.7162e+02
1.6875e+02
1.8292e+02
1.7880e+02
1.7143e+02
1.9755e+02
1.9113e+02
1.7657e+02
1.6482e+02
1.6614e+02
1.6995e+02
1.8144e+02
1.5729e+02
1.7822e+02
1.7849e+02
1.6954e+02
1.9172e+02
1.8555e+02
1.8334e+02
1.9614e+02
1.9906e+02
1.7301e+02
1.4372e+02
1.8316e+02
1.9528e+02
1.9343e+02
1.7758e+02
1.8092e+02
1.7523e+02
1.8252e+02
2.0299e+02
1.9065e+02
1.7582e+02
1.8073e+02
1.7671e+02
1.6824e+02
1.7532e+02
1.7887e+02
1.6318e+02
1.8439e+02
1.8698e+02
1.7632e+02
1.7897e+02
2.0058e+02
1.7751e+02
1.6627e+02
1.7813e+02
1.5492e+02
1.6843e+02
1.9405e+02
1.8351e+02
1.4669e+02
1.8380e+02
1.9519e+02
2.0177e+02
1.8719e+02
1.8982e+02
1.8986e+02
1.9023e+02
1.8304e+02
1.8600e+02
1.8086e+02
1.6730e+02
1.7666e+02
2.0465e+02
2.0948e+02
1.5761e+02
1.8046e+02
1.9848e+02
1.9094e+02
1.9883e+02
1.8920e+02
1.7392e+02
1.9316e+02
2.0446e+02
1.6944e+02
1.6543e+02
1.7586e+02
1.8169e+02
1.7959e+02
1.6705e+02
1.9006e+02
1.8948e+02
1.7406e+02
1.8135e+02
1.7576e+02
1.9968e+02
1.7824e+02
1.7954e+02
1.7139e+02
1.7785e+02
1.9995e+02
1.6239e+02
1.9846e+02
1.7794e+02
1.6512e+02
1.7839e+02
1.7612e+02
1.9259e+02
1.8374e+02
1.8057e+02
1.6184e+02
1.7094e+02
1.6602e+02
1.8406e+02
1.8822e+02
1.7435e+02
1.8731e+02
1.7859e+02
1.9429e+02
1.4846e+02
1.9398e+02
2.0392e+02
1.9749e+02
1.8435e+02
1.8082e+02
1.9500e+02
1.7511e+02
1.8240e+02
1.7465e+02
1.8479e+02
1.7341e+02
2.0309e+02
1.8559e+02
1.8076e+02
1.7594e+02
1.8790e+02
1.6895e+02
1.6116e+02
1.7024e+02
1.9909e+02
1.9061e+02
1.6655e+02
1.9796e+02
1.8613e+02
1.9198e+02
1.6560e+02
1.8073e+02
1.7137e+02
1.7743e+02
1.5939e+02
1.6818e+02
1.8061e+02
1.7213e+02
1.7285e+02
1.8794e+02
1.8215e+02
1.8634e+02
1.9740e+02
2.0087e+02
2.1820e+02
1.6025e+02
1.5432e+02
1.9025e+02
1.7212e+02
1.8827e+02
1.8583e+02
1.8916e+02
2.0295e+02
2.0151e+02
2.0279e+02
1.5617e+02
1.4883e+02
2.0055e+02
1.9010e+02
2.1807e+02
2.5220e+02
2.3161e+02
1.8574e+02
1.9980e+02
1.6830e+02
2.0000e+02
1.7204e+02
1.9227e+02
1.9876e+02
2.0535e+02
2.0077e+02
1.8029e+02
1.7402e+02
1.8715e+02
1.9002e+02
1.6195e+02
2.0041e+02
1.8845e+02
1.6425e+02
1.7468e+02
1.7948e+02
1.9451e+02
1.9198e+02
1.8639e+02
2.0576e+02
1.8947e+02
1.8418e+02
1.7598e+02
1.8100e+02
1.9199e+02
1.6980e+02
1.5570e+02
1.9402e+02
2.0148e+02
1.9026e+02
2.0117e+02
1.9920e+02
1.9946e+02
1.8581e+02
1.7690e+02
1.5256e+02
1.9210e+02
2.0206e+02
1.7705e+02
2.0389e+02
1.9832e+02
1.6279e+02
1.8442e+02
1.9002e+02
1.8025e+02
1.5142e+02
1.6229e+02
1.7674e+02
1.9582e+02
1.9616e+02
2.1008e+02
1.6625e+02
1.8253e+02
1.7787e+02
1.8658e+02
1.8488e+02
1.8851e+02
1.9190e+02
1.7378e+02
1.9930e+02
1.7321e+02
1.6413e+02
1.7777e+02
1.8849e+02
1.9767e+02
2.0471e+02
1.8451e+02
1.6364e+02
1.7326e+02
1.7318e+02
1.8019e+02
1.5190e+02
1.2741e+02
2.0756e+02
2.0872e+02
1.8291e+02
1.8532e+02
1.8985e+02
1.9268e+02
1.8411e+02
1.7295e+02
2.0179e+02
2.1890e+02
1.9423e+02
1.9296e+02
2.0085e+02
1.8366e+02
1.7693e+02
1.9653e+02
2.1353e+02
1.9898e+02
1.9530e+02
1.8219e+02
1.8983e+02
1.8547e+02
1.9494e+02
2.1291e+02
2.1985e+02
1.9863e+02
2.3549e+02
2.1499e+02
2.2305e+02
2.2433e+02
2.1141e+02
1.8958e+02
2.2429e+02
2.3651e+02
2.0731e+02
2.2431e+02
2.2151e+02
2.3017e+02
2.0552e+02
2.4390e+02
2.3145e+02
2.2173e+02
2.2497e+02
2.3755e+02
2.3607e+02
2.2451e+02
2.2522e+02
2.1280e+02
2.3794e+02
2.4698e+02
2.1528e+02
2.6181e+02
2.2930e+02
2.0455e+02
2.2385e+02
2.2535e+02
2.0935e+02
2.0977e+02
2.4151e+02
2.2272e+02
2.2988e+02
2.1869e+02
2.1613e+02
2.2588e+02
2.1513e+02
2.0477e+02
2.2154e+02
2.2909e+02
2.3730e+02
2.0848e+02
2.1906e+02
2.0013e+02
2.3121e+02
2.1557e+02
2.3015e+02
2.3631e+02
2.0601e+02
2.0966e+02
2.2737e+02
2.1890e+02
2.0329e+02
2.2667e+02
2.1518e+02
2.0609e+02
2.1816e+02
1.8263e+02
1.8200e+02
1.6432e+02
1.8392e+02
2.0390e+02
1.9403e+02
2.1749e+02
2.0651e+02
1.6858e+02
1.6865e+02
2.0239e+02
1.7126e+02
2.0352e+02
1.6821e+02
1.8876e+02
1.9231e+02
1.8395e+02
2.0700e+02
1.8981e+02
2.0385e+02
1.9991e+02
2.0592e+02
2.0738e+02
1.8989e+02
1.8815e+02
2.1305e+02
1.7837e+02
1.8512e+02
1.9508e+02
1.8932e+02
1.8668e+02
1.9270e+02
1.9091e+02
2.1533e+02
2.2630e+02
1.8727e+02
2.1206e+02
1.8260e+02
2.1394e+02
2.1287e+02
2.0936e+02
2.3199e+02
2.0934e+02
2.1189e+02
2.1425e+02
2.1000e+02
2.0308e+02
2.2411e+02
2.2287e+02
2.2486e+02
2.3914e+02
2.3934e+02
2.3848e+02
2.2702e+02
2.4252e+02
2.4118e+02
2.2262e+02
1.8928e+02
2.4663e+02
2.5025e+02
2.6626e+02
2.7140e+02
2.3001e+02
2.6297e+02
2.2739e+02
2.5215e+02
2.1427e+02
2.7067e+02
2.7777e+02
2.8424e+02
2.3760e+02
2.6228e+02
2.7702e+02
2.6947e+02
2.5672e+02
2.8672e+02
2.5106e+02
2.7567e+02
2.6011e+02
2.5167e+02
2.4236e+02
2.5683e+02
2.3374e+02
2.4619e+02
2.4724e+02
2.5659e+02
2.4451e+02
2.6058e+02
2.5132e+02
2.3038e+02
2.4308e+02
2.1681e+02
2.3278e+02
2.5075e+02
2.2451e+02
2.2527e+02
2.4867e+02
2.3908e+02
2.4589e+02
2.3051e+02
2.2610e+02
2.3400e+02
2.4489e+02
2.3875e+02
2.1746e+02
2.1901e+02
2.1693e+02
2.4153e+02
2.1454e+02
1.9864e+02
2.0239e+02
2.2341e+02
2.1292e+02
2.4034e+02
2.1109e+02
2.0219e+02
2.0919e+02
2.0463e+02
2.0620e+02
2.3763e+02
1.9460e+02
2.0898e+02
2.3764e+02
1.9120e+02
1.9432e+02
1.9021e+02
2.0695e+02
2.3234e+02
2.1687e+02
1.9068e+02
2.2262e+02
1.9448e+02
1.7978e+02
1.8059e+02
1.8697e+02
1.8713e+02
1.9826e+02
1.4820e+02
2.0084e+02
1.7760e+02
1.8104e+02
1.8338e+02
1.9380e+02
2.0891e+02
2.0257e+02
1.7374e+02
1.8794e+02
1.8402e+02
1.8966e+02
1.7705e+02
1.8638e+02
1.5890e+02
2.0826e+02
1.9834e+02
2.1306e+02
1.9411e+02
1.9237e+02
2.0664e+02
1.9764e+02
2.2235e+02
2.4076e+02
2.3559e+02
2.1696e+02
2.2656e+02
1.9701e+02
2.2773e+02
1.9854e+02
1.9654e+02
2.0887e+02
2.2530e+02
2.0680e+02
2.0772e+02
2.2755e+02
2.3716e+02
2.3889e+02
2.1504e+02
2.4686e+02
2.3204e+02
2.1810e+02
2.2834e+02
2.1961e+02
2.2759e+02
1.4933e+02
2.2130e+02
1.9461e+02
2.2756e+02
2.2570e+02
1.9564e+02
2.2134e+02
2.1807e+02
2.1513e+02
2.4413e+02
2.0776e+02
2.0674e+02
2.3019e+02
2.0937e+02
2.2387e+02
1.9525e+02
2.0785e+02
2.0134e+02
2.0012e+02
1.9743e+02
2.1106e+02
1.8197e+02
2.0054e+02
2.1035e+02
2.0765e+02
2.2307e+02
1.7956e+02
2.1749e+02
1.9900e+02
1.9613e+02
1.6633e+02
1.8054e+02
1.9670e+02
1.7736e+02
1.8261e+02
2.0113e+02
1.9875e+02
1.7674e+02
1.7287e+02
1.7382e+02
2.0059e+02
1.8516e+02
1.6947e+02
1.5336e+02
1.8541e+02
1.9985e+02
1.8828e+02
1.7928e+02
2.0050e+02
1.6019e+02
2.0092e+02
2.0396e+02
2.0216e+02
1.8776e+02
1.9859e+02
1.9270e+02
1.7376e+02
1.8711e+02
1.9795e+02
1.9839e+02
1.8340e+02
1.7516e+02
1.8844e+02
1.7761e+02
1.9452e+02
1.5898e+02
1.5427e+02
1.8961e+02
1.8969e+02
1.8608e+02
1.6667e+02
1.6218e+02
1.7044e+02
1.9563e+02
2.0416e+02
1.8098e+02
1.9777e+02
1.8540e+02
1.8284e+02
1.9901e+02
1.6478e+02
1.6747e+02
1.7278e+02
1.7350e+02
1.7937e+02
1.9535e+02
1.7144e+02
1.9487e+02
1.8304e+02
1.8604e+02
1.9503e+02
1.7515e+02
1.6668e+02
1.7298e+02
1.9913e+02
2.1080e+02
1.9457e+02
1.8945e+02
1.8733e+02
1.5457e+02
2.0790e+02
1.9184e+02
1.8737e+02
1.1996e+02
1.7225e+02
1.8146e+02
1.8252e+02
1.4862e+02
1.9928e+02
2.0494e+02
1.8339e+02
1.6604e+02
1.8724e+02
1.9615e+02
2.0438e+02
1.6774e+02
1.5984e+02
1.8400e+02
1.6846e+02
1.8480e+02
2.0679e+02
1.6681e+02
1.9472e+02
1.6411e+02
1.8189e+02
1.8848e+02
1.9419e+02
1.6827e+02
1.7481e+02
1.6932e+02
1.7780e+02
1.9021e+02
1.9207e+02
1.5702e+02
1.8144e+02
1.7436e+02
1.8325e+02
1.7998e+02
1.8105e+02
1.9300e+02
1.7692e+02
1.9159e+02
1.9146e+02
2.0552e+02
1.5961e+02
1.8565e+02
2.0365e+02
1.9263e+02
1.5720e+02
1.8754e+02
1.7374e+02
1.9222e+02
1.9795e+02
1.5979e+02
1.7333e+02
1.6937e+02
1.7002e+02
1.8902e+02
1.3804e+02
1.4813e+02
1.6973e+02
1.6453e+02
1.7987e+02
1.8969e+02
1.8300e+02
1.9216e+02
1.7453e+02
1.9270e+02
1.9058e+02
1.6983e+02
1.7819e+02
1.9083e+02
1.9156e+02
1.7756e+02
1.9832e+02
2.0498e+02
1.7732e+02
1.9225e+02
1.9087e+02
1.8841e+02
1.9885e+02
1.8402e+02
1.7064e+02
1.8944e+02
1.7395e+02
1.7274e+02
1.6685e+02
1.7865e+02
1.4663e+02
1.7338e+02
1.9635e+02
1.9366e+02
1.8406e+02
1.7521e+02
1.6279e+02
1.5132e+02
1.9621e+02
1.6464e+02
1.7310e+02
1.6868e+02
1.8858e+02
1.8068e+02
1.8245e+02
1.7923e+02
1.8154e+02
1.7454e+02
1.7369e+02
1.7700e+02
1.6855e+02
1.7499e+02
1.7845e+02
1.8499e+02
1.9040e+02
1.7854e+02
1.6131e+02
1.6568e+02
1.6656e+02
1.8802e+02
1.7497e+02
1.7403e+02
1.7318e+02
1.7496e+02
1.6587e+02
2.0515e+02
1.8960e+02
1.8885e+02
2.0103e+02
1.9535e+02
1.6948e+02
1.7630e+02
1.7883e+02
1.7265e+02
1.8402e+02
1.8216e+02
1.9320e+02
1.9135e+02
1.7661e+02
1.7747e+02
1.6984e+02
2.0453e+02
1.9934e+02
1.6633e+02
1.7131e+02
1.8359e+02
1.8035e+02
1.7209e+02
1.8898e+02
1.7515e+02
1.4619e+02
1.7169e+02
1.5967e+02
1.9690e+02
1.4883e+02
1.4803e+02
1.7256e+02
1.6813e+02
1.8273e+02
1.8052e+02
1.8469e+02
1.5714e+02
1.7938e+02
1.8154e+02
1.6124e+02
1.9833e+02
1.8977e+02
1.9425e+02
2.0034e+02
1.9430e+02
1.8945e+02
1.9145e+02
1.9899e+02
1.8458e+02
1.8516e+02
1.7535e+02
1.6221e+02
1.7142e+02
1.4965e+02
1.8280e+02
1.5869e+02
1.7191e+02
1.6793e+02
1.7456e+02
2.0307e+02
1.7365e+02
1.7568e+02
1.7857e+02
1.8813e+02
1.8840e+02
2.0383e+02
1.8004e+02
1.8769e+02
1.9991e+02
1.5894e+02
1.6423e+02
1.7316e+02
1.6384e+02
1.8067e+02
1.9257e+02
1.8955e+02
1.8407e+02
1.5148e+02
1.6117e+02
1.4422e+02
1.6819e+02
1.8343e+02
1.8080e+02
1.7778e+02
1.4904e+02
1.7950e+02
1.7111e+02
1.5515e+02
1.8270e+02
1.6389e+02
1.9146e+02
1.9109e+02
1.8322e+02
1.7272e+02
1.7532e+02
1.7549e+02
1.8882e+02
1.7120e+02
