1.8824e+02
1.9985e+02
1.8397e+02
1.7652e+02
1.5927e+02
1.7670e+02
1.7451e+02
1.8585e+02
1.8732e+02
1.7412e+02
1.8074e+02
1.8621e+02
1.8891e+02
1.8102e+02
1.5752e+02
1.8781e+02
1.8199e+02
1.5605e+02
1.8099e+02
1.7887e+02
1.9134e+02
1.8011e+02
1.5813e+02
1.6581e+02
1.8018e+02
1.5085e+02
1.8548e+02
1.5563e+02
1.7522e+02
1.8686e+02
1.7334e+02
1.6302e+02
1.3983e+02
1.6497e+02
1.9380e+02
1.9594e+02
1.6311e+02
1.8515e+02
1.7515e+02
1.5642e+02
1.7137e+02
1.8132e+02
1.8130e+02
1.6741e+02
1.8547e+02
1.8615e+02
1.7490e+02
1.7939e+02
1.8163e+02
1.8509e+02
2.0457e+02
1.8908e+02
1.8472e+02
1.8188e+02
1.8127e+02
1.6898e+02
1.8614e+02
1.8815e+02
1.6409e+02
1.7544e+02
1.7889e+02
1.7181e+02
1.8590e+02
1.9954e+02
1.9046e+02
1.5803e+02
1.7850e+02
1.5670e+02
1.6826e+02
1.3755e+02
1.8090e+02
1.8399e+02
1.7748e+02
1.9345e+02
1.7234e+02
1.9513e+02
1.9409e+02
1.8574e+02
1.7912e+02
1.6134e+02
1.6262e+02
1.5899e+02
1.8278e+02
1.7629e+02
1.6045e+02
1.8411e+02
1.9779e+02
1.8535e+02
1.6700e+02
1.9910e+02
1.8017e+02
1.7544e+02
1.5478e+02
1.9150e+02
1.9150e+02
1.7770e+02
1.8260e+02
1.9220e+02
1.7291e+02
1.9606e+02
1.8339e+02
1.6174e+02
1.7469e+02
1.7655e+02
1.6850e+02
1.6651e+02
1.8828e+02
2.0371e+02
1.3911e+02
1.6368e+02
1.5478e+02
1.7613e+02
1.9115e+02
1.8306e+02
1.7419e+02
1.8865e+02
1.8337e+02
1.7004e+02
1.8415e+02
1.9369e+02
1.8200e+02
1.7861e+02
1.7093e+02
1.5627e+02
1.7499e+02
1.4695e+02
1.8932e+02
1.6684e+02
1.9179e+02
1.9189e+02
1.9632e+02
1.7581e+02
1.5853e+02
1.9090e+02
1.6210e+02
1.7720e+02
1.8444e+02
1.6153e+02
1.8664e+02
1.7366e+02
1.9151e+02
1.8571e+02
2.0208e+02
1.6390e+02
1.8256e+02
1.8319e+02
1.7864e+02
1.7431e+02
1.6622e+02
1.7542e+02
1.8061e+02
1.7751e+02
1.9062e+02
1.9435e+02
1.6918e+02
1.6411e+02
1.7148e+02
1.7782e+02
1.7265e+02
1.8053e+02
1.6616e+02
1.6950e+02
1.4084e+02
1.7491e+02
1.7135e+02
1.7201e+02
1.5048e+02
1.5648e+02
1.9653e+02
1.8511e+02
1.7180e+02
1.8734e+02
1.8284e+02
1.7706e+02
1.6083e+02
1.7526e+02
1.8513e+02
1.8360e+02
1.9553e+02
2.0242e+02
1.8450e+02
1.9054e+02
1.8099e+02
1.9240e+02
1.8172e+02
1.9384e+02
1.9270e+02
1.8876e+02
1.9026e+02
1.7200e+02
1.8412e+02
1.8439e+02
1.9392e+02
1.6346e+02
1.5433e+02
1.8340e+02
2.1811e+02
1.8344e+02
2.3188e+02
2.6492e+02
2.3008e+02
2.1134e+02
1.9140e+02
1.6133e+02
1.9868e+02
2.1233e+02
1.9074e+02
2.0088e+02
1.9010e+02
1.9216e+02
1.9427e+02
1.7303e+02
1.9568e+02
1.9968e+02
1.8559e+02
1.8009e+02
1.8994e+02
1.8980e+02
1.8418e+02
1.5973e+02
1.6749e+02
1.8575e+02
2.1100e+02
2.1875e+02
2.0751e+02
1.9382e+02
1.9787e+02
2.0149e+02
1.8520e+02
1.4581e+02
1.6235e+02
1.9566e+02
1.8914e+02
1.9100e+02
1.9089e+02
1.8775e+02
2.0302e+02
2.0047e+02
1.7998e+02
1.7046e+02
1.4714e+02
1.6849e+02
1.8756e+02
1.8092e+02
1.7453e+02
1.6840e+02
1.7750e+02
1.8922e+02
2.0896e+02
2.0275e+02
1.8707e+02
1.6851e+02
1.8891e+02
1.7743e+02
1.8604e+02
1.9078e+02
1.6239e+02
1.9761e+02
1.9921e+02
1.8879e+02
1.9750e+02
2.0581e+02
1.8267e+02
1.5986e+02
1.7472e+02
1.5963e+02
1.8349e+02
1.7476e+02
1.9101e+02
1.7980e+02
1.7664e+02
1.9863e+02
1.8777e+02
1.5874e+02
1.8356e+02
1.7695e+02
1.9082e+02
2.0880e+02
1.9770e+02
1.6627e+02
1.9946e+02
2.1687e+02
2.0469e+02
1.8868e+02
1.6358e+02
2.0253e+02
2.0349e+02
2.0559e+02
1.9018e+02
1.9948e+02
1.6578e+02
1.8075e+02
1.8949e+02
2.1450e+02
2.1445e+02
1.8626e+02
1.7931e+02
2.0931e+02
2.0838e+02
2.1143e+02
2.1885e+02
2.4448e+02
2.2082e+02
2.3987e+02
2.3553e+02
2.2280e+02
2.1341e+02
2.1978e+02
2.0655e+02
2.2267e+02
2.2684e+02
2.4413e+02
2.2186e+02
2.1229e+02
2.4459e+02
2.2749e+02
2.4460e+02
2.1908e+02
1.8936e+02
2.4599e+02
2.2585e+02
2.3150e+02
2.1164e+02
1.8552e+02
2.1467e+02
2.3717e+02
2.4476e+02
2.3878e+02
2.3887e+02
2.2141e+02
1.6893e+02
2.3080e+02
2.0283e+02
1.9012e+02
2.4925e+02
2.5308e+02
2.3815e+02
2.4098e+02
2.5108e+02
2.5192e+02
2.0368e+02
1.9896e+02
2.0923e+02
2.3308e+02
2.3879e+02
2.1927e+02
2.4195e+02
2.3508e+02
2.1610e+02
2.1806e+02
2.0240e+02
2.1427e+02
2.2720e+02
2.1467e+02
2.4410e+02
2.2661e+02
2.2360e+02
2.0243e+02
2.1529e+02
2.1367e+02
2.0613e+02
2.1716e+02
1.6767e+02
1.7905e+02
1.6922e+02
1.9096e+02
1.6177e+02
2.1373e+02
2.1149e+02
2.0553e+02
1.8647e+02
1.7458e+02
1.9642e+02
1.9183e+02
1.8579e+02
1.9022e+02
2.0499e+02
2.1902e+02
1.8179e+02
1.8822e+02
1.9969e+02
2.0568e+02
2.1135e+02
2.8163e+02
3.1070e+02
2.4147e+02
1.9846e+02
1.8646e+02
1.9351e+02
2.2713e+02
2.2974e+02
2.0982e+02
2.0263e+02
2.1005e+02
1.8867e+02
2.1574e+02
2.0995e+02
1.9672e+02
2.0488e+02
1.9996e+02
2.2286e+02
1.9011e+02
2.2226e+02
2.1405e+02
2.1673e+02
2.2365e+02
2.1687e+02
2.5337e+02
2.1735e+02
2.4665e+02
2.4991e+02
2.3527e+02
2.1777e+02
2.3206e+02
2.4121e+02
2.5445e+02
2.3369e+02
2.2842e+02
2.2546e+02
2.3943e+02
2.5763e+02
2.5592e+02
2.3967e+02
2.4365e+02
2.0178e+02
2.4917e+02
2.4009e+02
2.7754e+02
2.5423e+02
2.8829e+02
2.6092e+02
2.5152e+02
2.0485e+02
2.6990e+02
2.6764e+02
2.7851e+02
2.4233e+02
2.9442e+02
2.5623e+02
2.8300e+02
2.7107e+02
2.5109e+02
2.3118e+02
2.5595e+02
2.5649e+02
2.6501e+02
2.5808e+02
2.5560e+02
2.1439e+02
2.4547e+02
2.3576e+02
2.4811e+02
2.2757e+02
2.2923e+02
2.2566e+02
2.2520e+02
2.1695e+02
2.2531e+02
2.4930e+02
2.4242e+02
2.3010e+02
2.3015e+02
2.3043e+02
2.4112e+02
2.4410e+02
2.2544e+02
2.3159e+02
2.3532e+02
1.8680e+02
2.0659e+02
2.1181e+02
1.8526e+02
2.0068e+02
2.2322e+02
2.1523e+02
2.0009e+02
2.0204e+02
2.1536e+02
1.8222e+02
1.8903e+02
2.0131e+02
2.0055e+02
2.2804e+02
2.3184e+02
2.3392e+02
2.3882e+02
2.2342e+02
2.1235e+02
2.1364e+02
2.2238e+02
2.0758e+02
2.0858e+02
1.8027e+02
1.8368e+02
1.7792e+02
1.6758e+02
1.9646e+02
1.8584e+02
1.7097e+02
1.8490e+02
2.0914e+02
2.0390e+02
1.8799e+02
2.0310e+02
1.9493e+02
2.0317e+02
1.9948e+02
1.7741e+02
1.9151e+02
1.8559e+02
1.7273e+02
1.6591e+02
2.0832e+02
1.7591e+02
2.0052e+02
2.3412e+02
2.1022e+02
2.1554e+02
1.8717e+02
1.8412e+02
2.3075e+02
2.2445e+02
2.1832e+02
2.0902e+02
1.9444e+02
2.0677e+02
2.1726e+02
2.2353e+02
1.8704e+02
2.0563e+02
2.1756e+02
2.1926e+02
1.9671e+02
2.2695e+02
2.5339e+02
2.3481e+02
2.5820e+02
2.4145e+02
2.4065e+02
2.2726e+02
2.3772e+02
2.5051e+02
2.2393e+02
2.3455e+02
1.8586e+02
2.1333e+02
2.1300e+02
2.2959e+02
2.2537e+02
1.8221e+02
2.1229e+02
2.4531e+02
2.4172e+02
2.2154e+02
1.9943e+02
2.0459e+02
2.4586e+02
2.3471e+02
2.1416e+02
2.0702e+02
2.4015e+02
2.5279e+02
2.1842e+02
2.1435e+02
2.1352e+02
2.1068e+02
2.0475e+02
2.1841e+02
1.9066e+02
2.1630e+02
1.9226e+02
2.2991e+02
2.2115e+02
1.9598e+02
1.8683e+02
1.8282e+02
1.9673e+02
1.9073e+02
1.8726e+02
1.9632e+02
2.0281e+02
1.3867e+02
1.5286e+02
2.0739e+02
2.0641e+02
2.0496e+02
1.6043e+02
1.7021e+02
1.7907e+02
1.9522e+02
2.1616e+02
1.8254e+02
2.0122e+02
1.7453e+02
1.8472e+02
1.9355e+02
2.0029e+02
1.8928e+02
1.9325e+02
2.0534e+02
1.6312e+02
1.8968e+02
1.8272e+02
1.8541e+02
1.7812e+02
1.7039e+02
1.9062e+02
1.6528e+02
1.8504e+02
1.8726e+02
1.5934e+02
1.7451e+02
1.7818e+02
1.6941e+02
1.7610e+02
1.7907e+02
1.7696e+02
1.9783e+02
1.8842e+02
2.0433e+02
1.8596e+02
1.7246e+02
1.5706e+02
1.9757e+02
1.7164e+02
1.7906e+02
1.8695e+02
1.8630e+02
1.7061e+02
1.7478e+02
1.8216e+02
1.6589e+02
1.5401e+02
1.8968e+02
2.1100e+02
2.0009e+02
1.8614e+02
1.8791e+02
1.8862e+02
2.0785e+02
1.8341e+02
1.7973e+02
1.9108e+02
1.8007e+02
1.8359e+02
1.8260e+02
1.8031e+02
1.6777e+02
1.8384e+02
2.0140e+02
2.0235e+02
1.5085e+02
1.8519e+02
1.7339e+02
1.6941e+02
1.7745e+02
1.8891e+02
1.6104e+02
1.8923e+02
1.8157e+02
1.7780e+02
1.7450e+02
1.7331e+02
1.9502e+02
2.0736e+02
2.0437e+02
1.9280e+02
1.7048e+02
1.8453e+02
1.9399e+02
1.8142e+02
1.9484e+02
1.6891e+02
1.5464e+02
1.9056e+02
1.9627e+02
1.9464e+02
1.6269e+02
1.8254e+02
1.6619e+02
1.8431e+02
1.8127e+02
1.8129e+02
1.9861e+02
1.9215e+02
2.0305e+02
1.9102e+02
1.9105e+02
1.5371e+02
1.7327e+02
1.8398e+02
1.7884e+02
1.8386e+02
1.9479e+02
1.6894e+02
2.0449e+02
2.1056e+02
1.7349e+02
1.6024e+02
1.8084e+02
1.7948e+02
1.9904e+02
1.6142e+02
1.7545e+02
1.8552e+02
1.5583e+02
1.5154e+02
1.9693e+02
1.8714e+02
1.7314e+02
1.6797e+02
1.7395e+02
1.8092e+02
1.6078e+02
1.8992e+02
2.0119e+02
1.9987e+02
1.6696e+02
1.9170e+02
1.9355e+02
1.6127e+02
1.5479e+02
1.9368e+02
1.7808e+02
1.9067e+02
1.7764e+02
1.9467e+02
1.9720e+02
1.8250e+02
1.8465e+02
1.7782e+02
1.6689e+02
1.7002e+02
1.8192e+02
1.9349e+02
1.8468e+02
1.7464e+02
1.8743e+02
1.5921e+02
1.5489e+02
1.8298e+02
1.8894e+02
1.8305e+02
1.9173e+02
1.8690e+02
1.7054e+02
1.6148e+02
1.6406e+02
1.8129e+02
1.8502e+02
1.8067e+02
1.7466e+02
1.8101e+02
1.5875e+02
1.8541e+02
1.7801e+02
1.8027e+02
1.8350e+02
1.5553e+02
1.6585e+02
1.8022e+02
1.7926e+02
1.7254e+02
1.5407e+02
1.9989e+02
1.9279e+02
1.6437e+02
1.9562e+02
1.8041e+02
1.9638e+02
1.8063e+02
1.9919e+02
1.8176e+02
1.7817e+02
2.0041e+02
1.8127e+02
1.7103e+02
1.4170e+02
1.7177e+02
1.9212e+02
1.9484e+02
1.9644e+02
1.6800e+02
1.7368e+02
1.9864e+02
1.8897e+02
1.8158e+02
1.8812e+02
1.8099e+02
2.0024e+02
1.9424e+02
1.7629e+02
1.7277e+02
1.3676e+02
1.5555e+02
1.7732e+02
1.7466e+02
1.5993e+02
1.5508e+02
1.5054e+02
1.9824e+02
2.0038e+02
1.9230e+02
1.7260e+02
1.8528e+02
1.9217e+02
1.6123e+02
1.6745e+02
1.8118e+02
1.9149e+02
1.9173e+02
2.0880e+02
2.0406e+02
1.8062e+02
1.9028e+02
1.8612e+02
2.0086e+02
1.7373e+02
1.5312e+02
2.0050e+02
1.8771e+02
1.8446e+02
1.7263e+02
1.7732e+02
2.0340e+02
2.0468e+02
1.8542e+02
2.0428e+02
1.8362e+02
1.7284e+02
1.7618e+02
1.9024e+02
1.8361e+02
1.9281e+02
1.8849e+02
1.8924e+02
1.8413e+02
1.5769e+02
1.8281e+02
1.8547e+02
1.7221e+02
1.6074e+02
1.6750e+02
1.5761e+02
1.6257e+02
1.6939e+02
1.5004e+02
1.6291e+02
1.7766e+02
1.6575e+02
1.7773e+02
1.8497e+02
1.7072e+02
1.6000e+02
1.9628e+02
1.7633e+02
1.9133e+02
1.9353e+02
1.7284e+02
1.7920e+02
1.9178e+02
1.7667e+02
1.6095e+02
1.6672e+02
1.7980e+02
