1.8345e+02
1.7903e+02
1.7084e+02
1.7505e+02
1.7301e+02
1.5608e+02
1.8460e+02
1.9811e+02
1.7693e+02
1.7477e+02
1.7869e+02
1.7913e+02
1.7035e+02
1.8443e+02
1.6859e+02
1.7853e+02
1.7213e+02
1.8059e+02
1.9163e+02
1.7897e+02
1.8822e+02
1.7959e+02
1.9185e+02
1.7851e+02
1.6933e+02
1.7916e+02
1.9483e+02
1.8045e+02
1.9020e+02
1.8836e+02
1.6078e+02
1.7737e+02
1.7974e+02
1.7174e+02
1.9019e+02
1.8784e+02
1.8945e+02
1.6847e+02
1.8387e+02
1.7295e+02
1.7728e+02
1.5890e+02
1.8473e+02
1.5743e+02
1.8082e+02
1.7008e+02
1.8453e+02
1.8341e+02
1.7111e+02
1.9085e+02
1.9419e+02
1.8137e+02
1.8915e+02
1.8264e+02
1.7812e+02
1.7946e+02
1.9117e+02
1.9492e+02
1.8215e+02
1.7629e+02
1.7441e+02
1.7525e+02
1.9134e+02
2.0641e+02
2.0208e+02
1.7075e+02
1.8752e+02
1.4905e+02
1.7264e+02
1.5902e+02
1.8004e+02
1.8043e+02
1.9954e+02
1.8862e+02
1.6302e+02
1.8842e+02
2.0114e+02
1.9387e+02
1.8446e+02
1.7437e+02
1.4794e+02
1.6265e+02
1.9448e+02
1.8249e+02
1.6486e+02
1.8675e+02
1.9549e+02
1.8542e+02
1.8438e+02
1.8503e+02
1.8059e+02
1.8347e+02
1.6074e+02
1.8409e+02
1.7904e+02
1.5943e+02
1.7014e+02
1.9519e+02
1.8124e+02
1.7284e+02
1.7782e+02
1.6988e+02
1.8434e+02
1.8998e+02
1.7285e+02
1.7305e+02
1.8557e+02
2.0172e+02
1.6410e+02
1.4757e+02
1.6040e+02
1.9390e+02
2.0133e+02
1.7344e+02
1.8348e+02
1.9212e+02
1.8407e+02
1.5983e+02
1.7682e+02
1.9826e+02
1.8313e+02
1.7336e+02
1.6361e+02
1.7665e+02
1.9386e+02
1.5588e+02
1.9382e+02
1.8000e+02
1.8169e+02
1.8491e+02
1.7503e+02
1.9277e+02
1.8829e+02
1.7657e+02
1.5307e+02
1.6958e+02
1.7271e+02
1.7065e+02
1.8957e+02
1.6328e+02
1.8643e+02
1.9236e+02
2.0134e+02
1.5600e+02
1.9340e+02
1.9284e+02
2.0026e+02
1.9247e+02
1.7215e+02
1.8800e+02
1.7244e+02
1.7710e+02
1.7849e+02
1.9149e+02
1.6860e+02
1.6772e+02
1.7114e+02
1.6869e+02
1.6058e+02
1.8294e+02
1.7028e+02
1.7455e+02
1.5693e+02
1.9902e+02
1.8783e+02
1.7146e+02
1.6489e+02
1.7963e+02
1.9194e+02
1.6903e+02
1.7577e+02
1.7386e+02
1.7633e+02
1.7657e+02
1.6374e+02
1.7732e+02
1.8885e+02
1.8959e+02
1.9849e+02
1.8584e+02
1.8846e+02
1.8609e+02
1.8533e+02
2.0287e+02
1.6777e+02
1.7245e+02
1.9123e+02
1.8259e+02
1.9134e+02
1.7994e+02
1.9828e+02
1.9687e+02
2.0180e+02
1.9007e+02
1.6154e+02
1.4640e+02
2.1654e+02
1.7927e+02
2.3267e+02
2.6953e+02
2.3079e+02
1.9569e+02
1.9398e+02
1.6883e+02
1.9640e+02
1.8800e+02
1.8867e+02
1.9932e+02
1.9803e+02
1.9075e+02
1.8279e+02
1.8704e+02
1.8554e+02
1.9258e+02
1.6535e+02
1.9298e+02
1.9157e+02
1.9029e+02
1.8932e+02
1.6314e+02
1.8309e+02
1.7809e+02
2.0427e+02
2.1518e+02
2.0326e+02
1.8012e+02
1.9303e+02
1.8639e+02
1.9465e+02
1.3941e+02
1.7434e+02
2.0240e+02
2.0089e+02
1.8564e+02
1.9858e+02
1.9644e+02
1.9823e+02
1.8932e+02
1.6398e+02
1.3767e+02
1.8457e+02
1.7521e+02
1.7180e+02
1.7490e+02
1.9233e+02
1.7798e+02
1.7973e+02
1.7890e+02
1.8940e+02
1.6459e+02
1.6896e+02
1.7586e+02
1.9841e+02
1.9996e+02
1.9402e+02
1.5681e+02
1.5673e+02
1.7254e+02
1.8702e+02
1.8333e+02
1.9250e+02
2.0070e+02
1.6460e+02
1.8723e+02
1.6802e+02
1.6715e+02
1.7188e+02
1.7627e+02
2.0229e+02
1.9608e+02
1.6919e+02
1.7610e+02
1.8185e+02
1.6426e+02
1.7408e+02
1.5071e+02
1.6092e+02
2.0951e+02
2.2155e+02
1.8158e+02
1.9106e+02
2.0519e+02
2.0501e+02
1.8533e+02
1.6042e+02
2.1657e+02
2.2556e+02
1.9698e+02
1.9117e+02
1.9528e+02
1.7827e+02
1.9198e+02
1.7791e+02
2.1292e+02
2.1184e+02
1.8657e+02
1.8604e+02
1.9526e+02
2.0409e+02
1.9789e+02
2.2418e+02
2.3720e+02
2.2484e+02
2.4036e+02
2.2124e+02
2.2379e+02
2.0483e+02
2.0891e+02
2.0319e+02
2.1540e+02
2.2409e+02
2.3317e+02
2.2163e+02
2.1459e+02
2.4462e+02
2.2694e+02
2.4104e+02
2.1406e+02
1.9005e+02
2.5172e+02
2.4055e+02
2.2912e+02
2.2709e+02
2.2351e+02
2.1276e+02
2.4578e+02
2.5471e+02
2.3202e+02
2.4274e+02
2.1713e+02
1.9813e+02
2.3215e+02
2.1534e+02
2.0199e+02
2.1465e+02
2.5138e+02
2.1962e+02
2.4891e+02
2.3785e+02
2.3632e+02
2.1177e+02
2.2183e+02
2.1739e+02
2.3416e+02
2.3718e+02
2.3962e+02
2.5133e+02
2.3321e+02
1.9993e+02
2.2932e+02
2.0543e+02
2.2005e+02
2.3480e+02
2.2192e+02
2.3998e+02
2.4291e+02
2.1979e+02
2.0563e+02
2.2211e+02
1.9869e+02
2.1136e+02
2.1335e+02
1.5977e+02
1.8105e+02
1.5729e+02
2.0121e+02
1.9041e+02
1.9910e+02
2.2264e+02
2.1379e+02
1.6952e+02
1.5688e+02
1.9794e+02
2.0139e+02
1.9406e+02
1.8303e+02
1.9715e+02
2.0069e+02
1.7875e+02
1.8955e+02
2.0422e+02
1.9967e+02
2.0160e+02
2.4094e+02
2.6364e+02
2.2097e+02
1.9145e+02
2.0934e+02
1.7625e+02
2.0932e+02
2.1553e+02
2.1249e+02
2.1022e+02
2.0698e+02
1.6619e+02
2.2246e+02
2.2102e+02
1.8633e+02
2.0343e+02
1.8949e+02
2.1599e+02
2.1281e+02
2.1038e+02
2.3323e+02
2.1413e+02
2.1333e+02
2.0145e+02
2.1488e+02
2.0390e+02
2.4197e+02
2.3931e+02
2.2528e+02
2.1409e+02
2.2569e+02
2.3457e+02
2.4622e+02
2.3637e+02
2.4038e+02
2.1639e+02
2.1852e+02
2.4195e+02
2.3646e+02
2.4273e+02
2.4445e+02
2.1148e+02
2.5061e+02
2.3781e+02
2.6882e+02
2.2274e+02
2.8844e+02
2.8752e+02
2.5929e+02
2.0846e+02
2.6030e+02
2.8073e+02
2.6861e+02
2.4121e+02
2.9595e+02
2.3750e+02
2.7755e+02
2.7285e+02
2.6024e+02
2.1946e+02
2.4841e+02
2.3596e+02
2.4849e+02
2.4484e+02
2.5330e+02
2.4032e+02
2.5941e+02
2.4385e+02
2.5277e+02
2.4740e+02
2.2623e+02
2.3745e+02
2.3776e+02
2.2351e+02
2.3067e+02
2.5334e+02
2.5102e+02
2.3862e+02
2.3874e+02
2.3075e+02
2.2802e+02
2.3616e+02
2.3394e+02
2.2053e+02
2.1587e+02
1.9685e+02
2.3305e+02
2.1207e+02
1.8821e+02
2.2039e+02
2.2294e+02
2.2491e+02
2.2182e+02
1.9851e+02
2.2180e+02
2.1993e+02
2.1137e+02
1.9565e+02
2.1382e+02
2.1936e+02
2.1944e+02
2.3514e+02
2.3080e+02
2.0103e+02
2.0595e+02
2.1360e+02
2.1916e+02
1.9164e+02
1.8310e+02
1.9774e+02
1.8206e+02
1.5995e+02
1.6910e+02
1.8279e+02
1.8807e+02
2.0113e+02
1.7231e+02
2.0763e+02
1.8223e+02
1.8041e+02
1.9489e+02
1.9705e+02
2.0032e+02
1.9674e+02
1.8490e+02
1.8573e+02
1.7109e+02
1.6212e+02
1.8477e+02
2.0189e+02
1.6819e+02
2.1681e+02
2.1917e+02
2.0006e+02
2.1367e+02
1.7864e+02
1.9670e+02
2.1733e+02
2.1788e+02
2.3412e+02
2.3888e+02
2.1239e+02
2.2398e+02
2.0699e+02
2.2523e+02
1.8962e+02
1.9493e+02
1.9952e+02
2.2607e+02
2.1599e+02
2.3003e+02
2.4749e+02
2.3798e+02
2.5515e+02
2.2563e+02
2.4325e+02
2.3827e+02
2.2350e+02
2.3378e+02
2.3205e+02
2.3182e+02
1.3848e+02
2.1952e+02
2.0839e+02
2.2499e+02
2.2124e+02
1.8987e+02
2.1808e+02
2.3673e+02
2.1259e+02
2.3395e+02
2.0070e+02
2.1822e+02
2.4727e+02
2.2246e+02
2.2932e+02
2.1046e+02
2.3180e+02
2.3167e+02
2.1718e+02
2.0176e+02
2.1258e+02
2.0648e+02
2.1292e+02
2.2075e+02
1.8933e+02
2.3459e+02
1.8338e+02
2.2752e+02
2.1300e+02
2.0375e+02
1.8295e+02
1.7993e+02
1.8488e+02
1.7807e+02
1.8313e+02
1.8583e+02
2.0061e+02
1.6067e+02
1.5149e+02
1.9453e+02
2.0070e+02
2.0669e+02
1.8959e+02
1.5249e+02
1.7504e+02
1.9513e+02
2.0123e+02
1.8516e+02
1.9848e+02
1.6106e+02
1.8049e+02
1.9267e+02
1.9933e+02
1.8392e+02
2.0232e+02
1.8836e+02
1.6654e+02
1.8500e+02
1.9360e+02
2.0717e+02
1.7492e+02
1.7005e+02
1.8903e+02
1.5376e+02
1.8511e+02
1.6558e+02
1.6196e+02
1.7832e+02
1.8198e+02
1.8429e+02
1.6853e+02
1.6400e+02
1.6574e+02
2.0677e+02
1.9729e+02
1.7781e+02
1.8812e+02
1.7369e+02
1.5608e+02
1.8934e+02
1.6944e+02
1.6536e+02
1.8563e+02
1.9012e+02
1.9821e+02
1.7697e+02
1.9867e+02
1.8482e+02
1.7328e+02
1.9742e+02
1.9873e+02
1.6954e+02
1.6094e+02
1.7847e+02
1.9601e+02
2.0848e+02
1.7949e+02
1.8700e+02
1.8690e+02
1.6422e+02
1.8618e+02
1.8881e+02
1.8476e+02
1.3466e+02
1.7243e+02
1.8491e+02
1.9225e+02
1.5467e+02
1.9455e+02
2.0554e+02
1.8064e+02
1.6465e+02
1.8519e+02
1.8462e+02
2.0431e+02
1.7681e+02
1.6042e+02
1.8486e+02
1.6951e+02
1.8735e+02
2.0481e+02
1.8744e+02
2.0620e+02
1.6813e+02
1.8417e+02
1.8460e+02
1.8197e+02
1.8676e+02
1.7196e+02
1.7011e+02
1.9675e+02
2.0291e+02
1.9902e+02
1.4526e+02
1.8847e+02
1.7001e+02
1.8304e+02
1.8158e+02
1.8270e+02
2.0355e+02
1.9157e+02
1.9514e+02
1.7366e+02
1.9564e+02
1.4859e+02
1.8606e+02
1.8797e+02
1.7638e+02
1.5330e+02
1.8648e+02
1.6497e+02
1.9106e+02
1.9368e+02
1.7595e+02
1.7483e+02
1.7083e+02
1.6375e+02
1.9206e+02
1.3521e+02
1.7133e+02
1.8797e+02
1.6147e+02
1.7640e+02
1.8705e+02
1.8497e+02
1.9146e+02
1.7736e+02
1.8466e+02
1.8802e+02
1.6903e+02
1.7636e+02
1.8738e+02
1.9854e+02
1.6833e+02
1.8851e+02
2.0416e+02
1.6873e+02
1.6125e+02
1.8754e+02
1.7794e+02
1.9298e+02
1.6397e+02
1.8471e+02
2.0506e+02
1.8168e+02
1.7234e+02
1.6930e+02
1.6498e+02
1.6057e+02
1.7564e+02
1.9413e+02
1.8864e+02
1.8197e+02
1.8446e+02
1.6760e+02
1.5789e+02
1.9412e+02
1.6905e+02
1.7735e+02
1.9530e+02
1.8900e+02
1.8628e+02
1.6236e+02
1.6129e+02
1.8734e+02
1.8932e+02
1.7779e+02
1.7408e+02
1.7392e+02
1.8400e+02
1.8566e+02
1.6425e+02
1.9083e+02
1.8084e+02
1.6675e+02
1.6462e+02
1.8310e+02
1.9444e+02
1.7513e+02
1.5921e+02
1.9446e+02
1.7962e+02
1.5357e+02
2.0086e+02
1.8115e+02
1.9101e+02
2.0063e+02
1.9405e+02
1.6216e+02
1.6596e+02
1.8748e+02
1.7284e+02
1.7743e+02
1.6441e+02
1.6912e+02
1.9528e+02
1.8143e+02
1.9112e+02
1.7031e+02
2.0426e+02
2.0307e+02
1.7795e+02
1.7529e+02
1.8157e+02
1.7324e+02
1.8017e+02
2.0537e+02
1.8630e+02
1.5521e+02
1.3652e+02
1.7114e+02
2.0262e+02
1.5666e+02
1.5984e+02
1.6341e+02
1.5015e+02
1.8765e+02
1.8728e+02
1.8372e+02
1.6351e+02
1.8170e+02
1.8479e+02
1.4553e+02
1.8669e+02
1.7878e+02
1.9853e+02
1.9801e+02
2.0882e+02
2.0167e+02
1.9131e+02
1.8981e+02
1.8650e+02
1.9729e+02
1.7576e+02
1.5683e+02
2.0300e+02
1.8725e+02
1.7898e+02
1.6847e+02
1.6670e+02
1.9200e+02
1.8272e+02
1.9355e+02
1.9248e+02
1.7995e+02
1.7455e+02
1.6955e+02
1.7826e+02
1.9259e+02
1.9786e+02
1.8688e+02
2.0579e+02
1.7601e+02
1.6767e+02
1.8228e+02
1.7440e+02
1.9415e+02
1.8307e+02
1.8222e+02
1.6499e+02
1.6580e+02
1.6599e+02
1.4689e+02
1.6572e+02
1.7719e+02
1.8040e+02
1.7436e+02
1.8352e+02
1.8068e+02
1.6836e+02
1.6870e+02
1.8724e+02
1.6761e+02
1.9441e+02
1.8148e+02
1.7794e+02
1.7491e+02
1.7709e+02
1.6646e+02
1.8666e+02
1.8367e+02
