1.7970e+02
2.0627e+02
1.7685e+02
1.8328e+02
1.4547e+02
1.9833e+02
1.8383e+02
1.7647e+02
1.7203e+02
1.9047e+02
1.8036e+02
1.9169e+02
1.5842e+02
1.6740e+02
1.8234e+02
1.7453e+02
1.4396e+02
1.6822e+02
1.7941e+02
1.8380e+02
1.9128e+02
1.6181e+02
1.4417e+02
1.6921e+02
1.8693e+02
1.7568e+02
1.7284e+02
1.9012e+02
1.8698e+02
1.7201e+02
1.3907e+02
1.6050e+02
1.9628e+02
2.0170e+02
1.8975e+02
1.8353e+02
1.6776e+02
1.5698e+02
1.8183e+02
1.8704e+02
1.5856e+02
1.6645e+02
1.7313e+02
1.8112e+02
1.8082e+02
1.7364e+02
1.7845e+02
2.0106e+02
2.0260e+02
1.9462e+02
1.8529e+02
1.7029e+02
1.8006e+02
2.0076e+02
1.7568e+02
1.6408e+02
1.7927e+02
1.5397e+02
1.9065e+02
1.7955e+02
1.8822e+02
1.6467e+02
1.7995e+02
1.5465e+02
1.5571e+02
1.2565e+02
1.7373e+02
1.8647e+02
1.8622e+02
1.8044e+02
1.8502e+02
1.9766e+02
1.6452e+02
1.7918e+02
1.4716e+02
1.6002e+02
1.5301e+02
1.3661e+02
1.7231e+02
1.7560e+02
1.7124e+02
1.9975e+02
1.6784e+02
1.4463e+02
2.0353e+02
1.9763e+02
1.9195e+02
1.8483e+02
2.0490e+02
1.8294e+02
1.8953e+02
1.7923e+02
1.7233e+02
1.8586e+02
1.8172e+02
1.5825e+02
1.7356e+02
1.7516e+02
1.5943e+02
1.8423e+02
1.8984e+02
1.8801e+02
1.7565e+02
1.4423e+02
1.7427e+02
1.8714e+02
2.0594e+02
1.7952e+02
1.7932e+02
1.7881e+02
1.6915e+02
1.8631e+02
1.7990e+02
1.8328e+02
1.8216e+02
1.7414e+02
1.5487e+02
1.6357e+02
1.7185e+02
1.8315e+02
1.5203e+02
1.8540e+02
1.9672e+02
1.8036e+02
1.6753e+02
1.5738e+02
1.7408e+02
1.7051e+02
1.7802e+02
1.6402e+02
1.8698e+02
1.6909e+02
1.9184e+02
1.9159e+02
1.7819e+02
1.7716e+02
1.5866e+02
1.8026e+02
1.7210e+02
1.5670e+02
1.5833e+02
1.9483e+02
1.6662e+02
2.0174e+02
1.9077e+02
1.9242e+02
1.5840e+02
1.5290e+02
1.7787e+02
1.7179e+02
1.8254e+02
1.8601e+02
1.7434e+02
1.8040e+02
1.7985e+02
1.6730e+02
1.7004e+02
1.5548e+02
1.5732e+02
1.9093e+02
1.6901e+02
1.7659e+02
1.8374e+02
1.6820e+02
1.7595e+02
1.8241e+02
1.7227e+02
1.8051e+02
2.0361e+02
1.8879e+02
1.9505e+02
1.8864e+02
1.8593e+02
1.7709e+02
1.7978e+02
1.6748e+02
1.6019e+02
1.8619e+02
1.7633e+02
1.7732e+02
1.8602e+02
1.8213e+02
1.4256e+02
1.7491e+02
2.0422e+02
1.8262e+02
1.9147e+02
2.2773e+02
2.2920e+02
1.8882e+02
1.8696e+02
1.6280e+02
1.9415e+02
1.9993e+02
1.8645e+02
2.0070e+02
1.7206e+02
1.8184e+02
1.9279e+02
1.7080e+02
1.8861e+02
1.9512e+02
1.4069e+02
1.9557e+02
1.6139e+02
1.9352e+02
1.5395e+02
1.6766e+02
1.5943e+02
2.1214e+02
1.9982e+02
1.9815e+02
1.8577e+02
1.9156e+02
2.0899e+02
1.8813e+02
1.7670e+02
1.6927e+02
1.9106e+02
1.9056e+02
1.7684e+02
1.6549e+02
1.7360e+02
1.9096e+02
1.8344e+02
1.8942e+02
1.6071e+02
1.4318e+02
1.8070e+02
1.6421e+02
1.7335e+02
1.4473e+02
1.7339e+02
1.9113e+02
1.8139e+02
1.8210e+02
1.8369e+02
1.6332e+02
1.6406e+02
1.7659e+02
1.9020e+02
1.7857e+02
1.7943e+02
1.9658e+02
1.9036e+02
2.0307e+02
2.0448e+02
1.8354e+02
1.6844e+02
1.7028e+02
1.6966e+02
1.7293e+02
1.7926e+02
1.6668e+02
1.8307e+02
1.8742e+02
1.9164e+02
1.7341e+02
1.9757e+02
1.9619e+02
2.1424e+02
2.0667e+02
1.8777e+02
1.7567e+02
2.0759e+02
2.1476e+02
2.0699e+02
1.8417e+02
1.6266e+02
2.0333e+02
1.9785e+02
2.0679e+02
1.8753e+02
1.7475e+02
1.6027e+02
1.9703e+02
2.1992e+02
1.9862e+02
1.9505e+02
1.6863e+02
1.9930e+02
2.2403e+02
2.1254e+02
2.0064e+02
2.3062e+02
2.0737e+02
2.4842e+02
2.3737e+02
2.2128e+02
2.2443e+02
2.2772e+02
2.1482e+02
2.1789e+02
2.5259e+02
2.2469e+02
2.2575e+02
2.4367e+02
2.3338e+02
2.4769e+02
2.2299e+02
2.2133e+02
2.1241e+02
2.0093e+02
2.3891e+02
2.0883e+02
1.7704e+02
2.3794e+02
2.1649e+02
2.1825e+02
2.2530e+02
2.1587e+02
2.0772e+02
2.2806e+02
2.1698e+02
2.4152e+02
2.3450e+02
2.4024e+02
2.2142e+02
2.4918e+02
2.5064e+02
2.1318e+02
1.9455e+02
2.1731e+02
2.4582e+02
2.2768e+02
2.3125e+02
2.2301e+02
2.4674e+02
2.2227e+02
2.0866e+02
2.1274e+02
2.2872e+02
2.1183e+02
2.3289e+02
2.2458e+02
2.1492e+02
1.9994e+02
1.9915e+02
1.9898e+02
1.9869e+02
2.0629e+02
1.8628e+02
1.7260e+02
1.7564e+02
2.0084e+02
1.8748e+02
2.2229e+02
2.0841e+02
1.9993e+02
1.9636e+02
1.7223e+02
1.9490e+02
1.9367e+02
1.9008e+02
1.8605e+02
2.1431e+02
1.8349e+02
1.8297e+02
1.8530e+02
2.0746e+02
2.1873e+02
3.2026e+02
3.2947e+02
2.2518e+02
1.9431e+02
1.5399e+02
1.9358e+02
2.2832e+02
2.2639e+02
2.0977e+02
1.9903e+02
2.0785e+02
2.0014e+02
1.8434e+02
2.1086e+02
2.2644e+02
1.9498e+02
2.3474e+02
2.1085e+02
2.2052e+02
1.8864e+02
2.2506e+02
2.1273e+02
2.2180e+02
2.3872e+02
2.2006e+02
2.4897e+02
2.3832e+02
2.1750e+02
2.3532e+02
2.6030e+02
2.6285e+02
2.4271e+02
2.1552e+02
2.4577e+02
2.4032e+02
2.7176e+02
2.5972e+02
2.4074e+02
2.2618e+02
2.1999e+02
2.6660e+02
2.5604e+02
2.7415e+02
2.6417e+02
2.4074e+02
2.3968e+02
2.2400e+02
2.6575e+02
2.5794e+02
2.9067e+02
2.5092e+02
2.6784e+02
2.6512e+02
2.8035e+02
2.4092e+02
2.4756e+02
2.4272e+02
2.2662e+02
2.5555e+02
2.5690e+02
2.5871e+02
2.1108e+02
2.4961e+02
2.3710e+02
2.4155e+02
2.2652e+02
2.3570e+02
2.0123e+02
2.2754e+02
2.2962e+02
2.4578e+02
2.2424e+02
2.2931e+02
2.2442e+02
2.1308e+02
2.2350e+02
2.5394e+02
2.0356e+02
2.2512e+02
2.3659e+02
2.0446e+02
2.1173e+02
1.9955e+02
2.2423e+02
2.3681e+02
2.3479e+02
2.2019e+02
1.9721e+02
1.8748e+02
2.0179e+02
1.9012e+02
1.8836e+02
1.8101e+02
2.1957e+02
2.2068e+02
2.0995e+02
2.4182e+02
2.2743e+02
1.9371e+02
2.0878e+02
1.8983e+02
1.8844e+02
2.0108e+02
1.6505e+02
1.7049e+02
1.7412e+02
1.9416e+02
1.7949e+02
1.8043e+02
2.0482e+02
1.8389e+02
2.2186e+02
1.9776e+02
2.0874e+02
1.6326e+02
2.0023e+02
1.9618e+02
1.6845e+02
1.9811e+02
1.8181e+02
1.8110e+02
2.1316e+02
2.1104e+02
2.0498e+02
2.2301e+02
2.1008e+02
2.0002e+02
1.8830e+02
1.9363e+02
2.2445e+02
2.1654e+02
2.0938e+02
2.0242e+02
1.9800e+02
2.2590e+02
2.2057e+02
1.9563e+02
2.0791e+02
2.0394e+02
2.1301e+02
2.0595e+02
2.2116e+02
2.4511e+02
2.3033e+02
2.4066e+02
2.5671e+02
2.2496e+02
2.2522e+02
2.4508e+02
2.3176e+02
2.2907e+02
2.2246e+02
2.0632e+02
2.0673e+02
2.0837e+02
2.2736e+02
2.1222e+02
2.1121e+02
2.3600e+02
2.4085e+02
2.1109e+02
1.8933e+02
2.1322e+02
2.4279e+02
2.2632e+02
2.0926e+02
1.9972e+02
2.4901e+02
2.4528e+02
2.2887e+02
2.3025e+02
2.0308e+02
1.6773e+02
2.1636e+02
2.0893e+02
2.1525e+02
2.0247e+02
2.2015e+02
2.3047e+02
2.1199e+02
2.0598e+02
2.0108e+02
1.7647e+02
1.9556e+02
1.9997e+02
2.1132e+02
1.9218e+02
1.6776e+02
2.0010e+02
1.9721e+02
1.8440e+02
1.6637e+02
1.8583e+02
1.7089e+02
2.0428e+02
2.0745e+02
1.7205e+02
1.9146e+02
1.8200e+02
1.8499e+02
1.8680e+02
1.8982e+02
1.5145e+02
1.7769e+02
1.6942e+02
1.9662e+02
1.8854e+02
1.7821e+02
1.7615e+02
1.7341e+02
1.7933e+02
1.5795e+02
1.9287e+02
1.9073e+02
1.7692e+02
1.7484e+02
1.5959e+02
1.9804e+02
1.8593e+02
1.8986e+02
1.6753e+02
1.5996e+02
2.0525e+02
1.6473e+02
1.6538e+02
1.6393e+02
1.8978e+02
1.7058e+02
1.4196e+02
1.7476e+02
1.9682e+02
1.8372e+02
1.8835e+02
1.6657e+02
1.5082e+02
1.8723e+02
1.8954e+02
1.9225e+02
1.7501e+02
1.7609e+02
1.8140e+02
1.8598e+02
1.8195e+02
1.8320e+02
1.9825e+02
1.8464e+02
1.6316e+02
1.5958e+02
1.8167e+02
1.9216e+02
1.7333e+02
2.0195e+02
1.8341e+02
1.7396e+02
1.8405e+02
1.6313e+02
1.7595e+02
1.9833e+02
1.6351e+02
1.8446e+02
1.8567e+02
1.7954e+02
1.3687e+02
1.9013e+02
1.9988e+02
1.9583e+02
1.7528e+02
1.8183e+02
1.8359e+02
1.8646e+02
1.5464e+02
1.7743e+02
1.7253e+02
1.6589e+02
1.8455e+02
1.8008e+02
1.7862e+02
1.7256e+02
1.7359e+02
1.7245e+02
1.9555e+02
1.5687e+02
1.8953e+02
1.9384e+02
1.8045e+02
1.6479e+02
1.7960e+02
1.7052e+02
1.7125e+02
1.9860e+02
1.6618e+02
1.5879e+02
1.8204e+02
1.4715e+02
1.8408e+02
2.0637e+02
1.9321e+02
1.6700e+02
1.9373e+02
1.7646e+02
1.8994e+02
1.6710e+02
1.7694e+02
1.8984e+02
1.9432e+02
1.7500e+02
1.8801e+02
1.6508e+02
1.7530e+02
1.7711e+02
1.7320e+02
1.8126e+02
1.8532e+02
1.8954e+02
1.8249e+02
1.6411e+02
1.7819e+02
1.8401e+02
1.7539e+02
1.8000e+02
1.6880e+02
1.7668e+02
1.7390e+02
1.6887e+02
1.7103e+02
1.5573e+02
1.7099e+02
1.8051e+02
1.6734e+02
1.6341e+02
1.6906e+02
1.5590e+02
1.7335e+02
1.8328e+02
1.6590e+02
1.8407e+02
1.8246e+02
1.4687e+02
1.8501e+02
1.7508e+02
1.9209e+02
1.8741e+02
1.5687e+02
1.7091e+02
1.8985e+02
1.9308e+02
1.7687e+02
2.0059e+02
2.0424e+02
1.6609e+02
1.8545e+02
1.6667e+02
1.6228e+02
2.0831e+02
1.8596e+02
1.9878e+02
1.5857e+02
1.6564e+02
1.5901e+02
1.6100e+02
1.5524e+02
1.8486e+02
1.2829e+02
1.8392e+02
1.5760e+02
1.7788e+02
1.9149e+02
1.7289e+02
1.7317e+02
1.8919e+02
1.9254e+02
1.7086e+02
1.6641e+02
1.7660e+02
1.9542e+02
1.6320e+02
1.9377e+02
1.8886e+02
1.6055e+02
1.6380e+02
1.6078e+02
1.7821e+02
1.7033e+02
1.8192e+02
1.5410e+02
1.7820e+02
1.5442e+02
2.0332e+02
2.1337e+02
1.9794e+02
1.7164e+02
1.6249e+02
1.9410e+02
1.7574e+02
1.7124e+02
1.6154e+02
1.8033e+02
1.7575e+02
1.8491e+02
1.8241e+02
1.8010e+02
2.0398e+02
1.8619e+02
1.8200e+02
1.7575e+02
2.0060e+02
1.8717e+02
1.7916e+02
1.9563e+02
1.7716e+02
1.7685e+02
1.8731e+02
1.8926e+02
1.9935e+02
1.8150e+02
1.8093e+02
1.8102e+02
1.7618e+02
1.5063e+02
1.4692e+02
1.7126e+02
1.7856e+02
1.6457e+02
1.8509e+02
1.9367e+02
1.6701e+02
1.6596e+02
1.7409e+02
1.8201e+02
1.6585e+02
1.6458e+02
1.7694e+02
1.8288e+02
1.9468e+02
1.8501e+02
1.8665e+02
1.8333e+02
1.7412e+02
1.6755e+02
1.7193e+02
1.8134e+02
1.5987e+02
1.7328e+02
1.7458e+02
1.9274e+02
1.9026e+02
1.6777e+02
1.6997e+02
1.7339e+02
2.0488e+02
1.9596e+02
1.9499e+02
1.6429e+02
1.7308e+02
