1.5980e+02
1.5873e+02
1.2216e+02
1.7788e+02
1.6525e+02
1.6377e+02
1.5325e+02
1.7953e+02
1.6394e+02
1.6578e+02
1.7105e+02
1.4917e+02
1.6015e+02
1.6263e+02
1.7913e+02
1.4533e+02
1.5694e+02
1.5890e+02
1.4781e+02
1.8140e+02
1.5018e+02
1.5092e+02
1.4868e+02
1.8507e+02
1.9388e+02
1.9229e+02
1.8579e+02
1.5509e+02
1.4893e+02
1.4517e+02
1.5924e+02
1.5133e+02
1.8124e+02
1.7586e+02
1.5234e+02
1.8354e+02
1.4824e+02
1.8131e+02
1.5721e+02
1.7294e+02
1.7938e+02
1.6961e+02
1.6652e+02
1.5201e+02
1.4714e+02
1.8078e+02
1.7978e+02
1.7468e+02
1.7702e+02
1.7112e+02
1.4354e+02
1.5405e+02
1.6251e+02
1.6017e+02
1.3142e+02
1.4333e+02
1.6342e+02
1.6810e+02
1.3334e+02
1.5702e+02
1.7404e+02
1.5703e+02
1.6763e+02
1.4239e+02
1.3690e+02
1.3663e+02
1.6353e+02
1.7544e+02
1.5675e+02
1.9729e+02
1.8841e+02
1.4139e+02
1.5726e+02
1.5294e+02
1.5824e+02
1.7353e+02
1.4883e+02
1.3362e+02
1.5139e+02
1.4284e+02
1.6514e+02
1.5724e+02
1.5779e+02
1.7593e+02
1.5331e+02
1.7254e+02
1.8139e+02
1.8098e+02
1.5618e+02
1.8909e+02
1.7386e+02
1.5327e+02
1.7501e+02
1.8170e+02
1.4989e+02
1.6691e+02
1.6313e+02
1.7344e+02
1.5835e+02
1.8163e+02
1.6371e+02
1.7936e+02
1.3548e+02
1.4607e+02
1.5686e+02
1.4351e+02
1.4886e+02
1.7318e+02
1.5191e+02
1.6200e+02
1.5142e+02
1.6238e+02
1.6904e+02
1.7947e+02
1.5672e+02
1.1991e+02
1.7999e+02
2.0176e+02
1.8848e+02
1.7924e+02
1.5009e+02
1.5172e+02
1.6694e+02
1.4910e+02
1.5249e+02
1.8413e+02
1.5127e+02
1.5896e+02
1.4403e+02
1.4493e+02
1.9333e+02
1.8845e+02
1.7319e+02
1.3968e+02
1.4507e+02
1.7177e+02
1.4965e+02
1.2702e+02
1.6784e+02
1.6131e+02
1.7367e+02
1.5709e+02
1.6929e+02
1.8009e+02
1.5521e+02
1.6328e+02
1.7340e+02
1.6238e+02
1.4120e+02
1.3195e+02
1.7185e+02
1.7010e+02
1.6229e+02
1.4974e+02
1.6466e+02
1.7804e+02
1.3853e+02
1.6344e+02
1.6483e+02
1.6746e+02
1.7254e+02
1.5840e+02
1.5930e+02
1.6770e+02
1.7122e+02
1.7797e+02
1.4092e+02
1.5909e+02
1.5909e+02
1.1814e+02
1.5970e+02
1.6386e+02
1.5769e+02
1.5457e+02
1.4987e+02
1.6826e+02
1.6010e+02
1.6040e+02
1.8125e+02
1.6352e+02
1.6401e+02
1.4173e+02
1.4588e+02
1.6313e+02
1.8173e+02
1.6707e+02
1.8419e+02
1.8509e+02
1.7952e+02
1.7487e+02
1.5722e+02
1.6892e+02
1.7263e+02
1.4299e+02
1.4922e+02
1.7723e+02
1.6277e+02
1.7180e+02
1.8997e+02
1.8666e+02
1.6935e+02
1.9573e+02
1.9582e+02
2.0580e+02
2.0800e+02
2.0315e+02
2.0837e+02
1.8768e+02
1.8822e+02
1.9273e+02
2.0994e+02
1.9676e+02
1.9960e+02
1.8351e+02
1.8409e+02
1.7225e+02
1.7053e+02
1.7052e+02
1.3368e+02
1.5843e+02
1.5290e+02
1.7950e+02
1.8289e+02
1.6897e+02
1.2602e+02
1.7172e+02
1.5260e+02
1.4592e+02
1.9372e+02
1.7041e+02
1.8398e+02
1.7554e+02
1.6893e+02
1.3912e+02
1.5539e+02
1.5293e+02
1.5093e+02
1.8296e+02
1.6129e+02
1.9484e+02
1.4910e+02
1.5594e+02
1.7148e+02
1.5139e+02
1.5108e+02
1.6416e+02
1.6356e+02
1.8999e+02
2.0084e+02
1.9504e+02
1.6952e+02
1.7053e+02
1.7132e+02
1.5918e+02
1.4640e+02
1.3968e+02
1.8918e+02
1.6254e+02
1.5372e+02
1.6186e+02
1.4608e+02
1.7073e+02
1.6562e+02
1.5710e+02
1.7534e+02
1.6317e+02
1.6404e+02
1.8990e+02
1.5872e+02
1.6936e+02
1.8249e+02
1.8727e+02
1.7152e+02
1.9353e+02
1.6362e+02
1.6262e+02
1.6633e+02
1.8516e+02
1.8337e+02
1.7288e+02
1.5194e+02
1.7284e+02
1.7148e+02
1.6715e+02
1.4684e+02
1.2906e+02
1.6227e+02
1.5944e+02
1.5396e+02
1.6234e+02
1.6956e+02
1.5270e+02
1.6988e+02
1.5837e+02
1.6775e+02
2.0097e+02
1.7550e+02
1.6834e+02
1.4931e+02
1.5461e+02
1.4646e+02
1.7959e+02
1.7416e+02
1.7466e+02
1.8445e+02
1.6546e+02
1.7068e+02
1.6690e+02
1.7375e+02
1.8209e+02
1.6620e+02
1.7078e+02
1.7413e+02
1.7252e+02
1.8765e+02
1.6201e+02
1.9906e+02
1.8474e+02
1.7553e+02
1.7922e+02
1.4707e+02
1.9118e+02
2.1909e+02
2.2387e+02
1.6719e+02
1.7019e+02
1.7389e+02
1.9170e+02
2.0831e+02
2.0211e+02
2.0024e+02
1.9647e+02
1.9933e+02
2.1206e+02
1.9562e+02
1.9987e+02
2.0270e+02
1.8647e+02
1.6006e+02
1.8832e+02
2.0595e+02
1.7800e+02
2.0355e+02
2.0772e+02
1.9376e+02
1.6459e+02
1.9914e+02
2.1428e+02
1.9952e+02
1.9711e+02
2.2217e+02
1.9550e+02
1.8899e+02
2.0698e+02
1.9130e+02
1.9244e+02
1.9970e+02
1.8243e+02
1.7708e+02
1.7510e+02
1.8963e+02
1.6590e+02
1.7800e+02
1.9851e+02
1.8044e+02
1.7941e+02
1.6469e+02
1.6640e+02
1.9773e+02
1.7659e+02
1.6183e+02
1.8359e+02
1.8428e+02
2.0625e+02
1.7694e+02
1.7636e+02
1.8882e+02
1.8699e+02
1.9533e+02
2.2099e+02
2.0397e+02
1.8962e+02
1.5101e+02
2.3259e+02
2.5090e+02
2.4846e+02
2.2711e+02
2.1508e+02
2.1824e+02
2.2453e+02
1.8895e+02
1.7491e+02
1.8143e+02
2.2297e+02
2.0478e+02
2.1587e+02
2.0799e+02
2.0034e+02
2.1248e+02
1.9986e+02
1.6650e+02
1.8175e+02
1.8868e+02
2.2507e+02
2.0534e+02
2.2350e+02
2.0504e+02
2.1988e+02
2.1623e+02
1.8542e+02
2.2480e+02
2.4242e+02
2.5322e+02
2.4091e+02
2.1671e+02
2.2907e+02
2.3787e+02
2.2380e+02
2.1193e+02
2.1369e+02
2.1537e+02
2.3870e+02
2.4683e+02
2.0863e+02
2.3169e+02
2.2652e+02
2.2082e+02
1.9622e+02
2.3123e+02
2.2527e+02
2.2627e+02
2.4040e+02
2.9876e+02
2.6964e+02
2.3614e+02
2.6011e+02
2.5097e+02
2.3447e+02
2.5126e+02
2.3964e+02
2.1248e+02
2.2073e+02
2.1837e+02
2.3377e+02
2.1004e+02
1.8713e+02
2.3854e+02
2.1992e+02
2.0504e+02
2.4976e+02
2.5212e+02
2.1435e+02
2.0552e+02
2.1746e+02
2.1922e+02
1.9749e+02
1.9737e+02
1.9366e+02
1.9306e+02
1.8465e+02
2.0629e+02
1.9018e+02
2.0583e+02
2.0814e+02
2.1536e+02
2.0487e+02
1.8833e+02
1.7865e+02
1.6669e+02
1.7038e+02
2.0121e+02
2.1291e+02
2.1287e+02
1.8785e+02
1.8478e+02
2.0605e+02
1.8352e+02
1.7989e+02
1.6947e+02
1.7943e+02
1.5895e+02
1.6406e+02
1.8202e+02
1.7819e+02
1.6551e+02
1.7098e+02
1.7085e+02
1.9210e+02
2.1164e+02
1.5413e+02
2.1840e+02
1.9149e+02
2.2051e+02
2.2749e+02
1.7759e+02
2.1050e+02
1.9436e+02
1.9512e+02
1.8331e+02
1.8195e+02
1.7123e+02
1.6077e+02
1.6431e+02
1.7647e+02
1.7530e+02
1.9778e+02
1.8225e+02
1.4765e+02
1.9875e+02
1.9724e+02
1.7201e+02
1.4990e+02
1.7836e+02
1.5855e+02
1.5292e+02
1.9450e+02
1.5379e+02
1.8345e+02
1.8858e+02
1.6655e+02
1.7802e+02
1.7669e+02
1.9869e+02
2.0543e+02
1.7367e+02
1.7706e+02
1.6567e+02
1.8133e+02
2.0259e+02
1.9598e+02
1.6798e+02
1.8339e+02
1.6466e+02
1.6894e+02
1.6077e+02
1.5935e+02
1.9506e+02
2.0453e+02
1.5628e+02
1.7323e+02
1.6127e+02
1.7246e+02
1.7414e+02
1.6951e+02
1.7991e+02
1.7328e+02
1.6439e+02
1.9169e+02
1.7311e+02
1.7464e+02
1.6018e+02
1.6962e+02
1.5939e+02
1.7947e+02
1.6275e+02
1.6318e+02
1.8209e+02
1.8800e+02
1.6641e+02
1.3405e+02
1.5797e+02
1.6147e+02
1.7098e+02
1.4816e+02
1.7308e+02
1.4276e+02
1.4450e+02
1.6151e+02
1.4594e+02
1.6771e+02
1.6772e+02
1.8239e+02
1.7092e+02
1.4409e+02
1.4225e+02
1.2735e+02
1.4668e+02
1.6419e+02
1.8358e+02
1.6924e+02
1.8470e+02
1.9437e+02
1.7972e+02
1.8454e+02
1.7298e+02
1.3027e+02
1.5558e+02
1.7709e+02
1.8120e+02
1.5238e+02
1.7273e+02
1.8508e+02
1.7818e+02
1.6290e+02
1.4515e+02
1.6438e+02
1.6069e+02
1.4695e+02
1.8243e+02
1.7219e+02
1.7606e+02
1.5069e+02
1.3925e+02
1.5782e+02
1.5453e+02
1.6945e+02
1.7849e+02
1.6652e+02
1.4671e+02
1.7643e+02
1.8138e+02
1.7585e+02
1.8083e+02
1.4233e+02
1.8164e+02
1.8137e+02
1.5170e+02
1.6880e+02
1.7548e+02
1.3408e+02
1.5613e+02
1.9567e+02
1.6011e+02
1.9195e+02
1.7648e+02
1.5302e+02
1.4171e+02
1.8233e+02
1.6495e+02
1.7489e+02
1.6246e+02
1.4044e+02
1.4962e+02
1.3357e+02
1.5262e+02
1.6298e+02
1.8026e+02
1.8491e+02
1.6579e+02
1.6901e+02
1.5743e+02
1.8140e+02
1.7357e+02
1.6179e+02
1.9268e+02
1.8878e+02
1.4513e+02
1.7602e+02
2.0025e+02
1.9310e+02
1.4026e+02
1.7638e+02
1.8872e+02
1.9004e+02
1.6057e+02
1.8257e+02
1.8081e+02
1.7118e+02
1.2972e+02
1.2038e+02
1.3960e+02
1.6311e+02
1.7041e+02
1.5771e+02
1.7980e+02
1.2387e+02
1.6668e+02
1.8912e+02
1.6756e+02
1.7030e+02
1.8057e+02
1.7054e+02
1.7281e+02
1.6195e+02
1.5160e+02
1.6753e+02
1.4409e+02
1.5150e+02
1.6958e+02
1.6266e+02
1.8148e+02
1.5965e+02
1.7891e+02
1.9831e+02
1.8650e+02
1.7290e+02
1.4303e+02
1.8281e+02
1.5915e+02
1.7411e+02
1.8655e+02
1.6584e+02
1.7085e+02
1.6588e+02
1.7558e+02
1.8434e+02
1.7090e+02
1.9191e+02
1.8773e+02
1.7535e+02
1.7176e+02
1.9782e+02
1.9357e+02
1.9004e+02
1.9966e+02
1.9503e+02
1.9474e+02
1.7499e+02
1.6709e+02
1.9366e+02
1.8407e+02
1.8033e+02
1.9640e+02
1.9084e+02
1.6875e+02
1.9541e+02
2.0038e+02
1.9427e+02
1.7474e+02
2.0022e+02
1.8783e+02
1.6938e+02
1.5702e+02
1.7078e+02
1.9564e+02
1.8066e+02
1.7775e+02
1.9425e+02
1.8047e+02
1.8359e+02
1.9296e+02
1.7862e+02
1.8020e+02
1.7538e+02
1.8060e+02
2.0188e+02
1.9852e+02
1.7883e+02
1.9078e+02
1.9934e+02
1.7048e+02
1.6543e+02
1.7584e+02
1.6945e+02
1.7226e+02
1.6194e+02
1.6697e+02
1.6677e+02
1.7840e+02
1.7997e+02
1.8487e+02
1.8774e+02
1.8852e+02
1.8302e+02
1.8186e+02
1.6659e+02
1.6757e+02
1.9060e+02
2.0470e+02
1.7960e+02
2.0411e+02
1.4171e+02
1.7423e+02
1.6521e+02
1.7514e+02
1.6688e+02
1.8131e+02
1.7176e+02
1.8206e+02
1.7907e+02
1.7560e+02
1.8906e+02
1.6809e+02
1.8620e+02
1.8666e+02
1.9360e+02
1.7271e+02
1.6800e+02
1.8371e+02
1.8344e+02
1.9368e+02
1.7660e+02
1.8692e+02
2.0966e+02
1.9564e+02
1.6432e+02
1.7003e+02
1.8359e+02
1.7014e+02
1.7513e+02
1.8832e+02
1.7472e+02
1.8919e+02
1.7489e+02
1.9395e+02
2.0358e+02
2.0001e+02
1.6788e+02
1.7510e+02
1.9429e+02
1.7797e+02
1.5149e+02
1.7444e+02
1.9841e+02
1.6855e+02
1.7083e+02
1.8273e+02
1.9989e+02
1.9338e+02
2.0631e+02
1.8028e+02
1.9060e+02
1.4996e+02
1.9395e+02
1.7899e+02
1.7855e+02
2.0093e+02
1.8447e+02
1.6248e+02
1.7684e+02
1.7541e+02
1.8657e+02
1.9821e+02
1.5278e+02
1.9035e+02
1.6577e+02
1.5202e+02
1.5789e+02
1.4231e+02
1.6995e+02
1.8637e+02
1.6713e+02
1.6600e+02
2.0207e+02
1.5898e+02
1.7119e+02
1.7373e+02
1.9100e+02
1.4762e+02
1.8444e+02
1.8636e+02
1.4639e+02
1.8822e+02
1.9220e+02
1.9097e+02
1.9392e+02
1.7399e+02
1.7514e+02
1.7184e+02
1.8244e+02
1.9806e+02
1.7824e+02
1.6832e+02
1.5417e+02
1.9210e+02
1.8216e+02
1.7596e+02
1.6901e+02
1.7249e+02
1.8733e+02
1.8863e+02
1.9247e+02
1.8922e+02
1.7620e+02
1.7554e+02
