1.7531e+02
1.5936e+02
1.3205e+02
1.6778e+02
1.7631e+02
1.6624e+02
1.6053e+02
1.8985e+02
1.7533e+02
1.5438e+02
1.8513e+02
1.6053e+02
1.3653e+02
1.6258e+02
1.8866e+02
1.5291e+02
1.4954e+02
1.5557e+02
1.3779e+02
1.8572e+02
1.7205e+02
1.7100e+02
1.6020e+02
1.6841e+02
1.7699e+02
1.7968e+02
1.7429e+02
1.5684e+02
1.6887e+02
1.4700e+02
1.5527e+02
1.5611e+02
1.8336e+02
1.9484e+02
1.5543e+02
1.7937e+02
1.7070e+02
1.7962e+02
1.6069e+02
1.5898e+02
1.6040e+02
1.3172e+02
1.6249e+02
1.6630e+02
1.7118e+02
1.9319e+02
1.8119e+02
1.6938e+02
1.7608e+02
1.7283e+02
1.6062e+02
1.5736e+02
1.6856e+02
1.6893e+02
1.4354e+02
1.5098e+02
1.6566e+02
1.6743e+02
1.4595e+02
1.6114e+02
1.7861e+02
1.6037e+02
1.6608e+02
1.6161e+02
1.4251e+02
1.3027e+02
1.5167e+02
1.7316e+02
1.6024e+02
1.8045e+02
1.8046e+02
1.5845e+02
1.6304e+02
1.6636e+02
1.5787e+02
1.5288e+02
1.3715e+02
1.1239e+02
1.4788e+02
1.4260e+02
1.5564e+02
1.5733e+02
1.5525e+02
1.7409e+02
1.6501e+02
1.5912e+02
1.7821e+02
1.7368e+02
1.6684e+02
1.8057e+02
1.7595e+02
1.5526e+02
1.7867e+02
1.7480e+02
1.6082e+02
1.4758e+02
1.3092e+02
1.7150e+02
1.4452e+02
1.7388e+02
1.6950e+02
1.7403e+02
1.3189e+02
1.5824e+02
1.5965e+02
1.3999e+02
1.6036e+02
1.7582e+02
1.6482e+02
1.6515e+02
1.5821e+02
1.8053e+02
1.8336e+02
1.8468e+02
1.5202e+02
1.7661e+02
1.8040e+02
1.9930e+02
1.9034e+02
1.8352e+02
1.7263e+02
1.6165e+02
1.5114e+02
1.4171e+02
1.6395e+02
1.7972e+02
1.4972e+02
1.7057e+02
1.5400e+02
1.4060e+02
1.8998e+02
1.8635e+02
1.6361e+02
1.4003e+02
1.6236e+02
1.7392e+02
1.5824e+02
1.3643e+02
1.6631e+02
1.3990e+02
1.7217e+02
1.5456e+02
1.6575e+02
1.6260e+02
1.4360e+02
1.5220e+02
1.7866e+02
1.9245e+02
1.6053e+02
1.3815e+02
1.6226e+02
1.5035e+02
1.2903e+02
1.4360e+02
1.6501e+02
1.8303e+02
1.5843e+02
1.6595e+02
1.6457e+02
1.6367e+02
1.8397e+02
1.6122e+02
1.6326e+02
1.6486e+02
1.8183e+02
1.7267e+02
1.4426e+02
1.4592e+02
1.5569e+02
1.4941e+02
1.6108e+02
1.6572e+02
1.8252e+02
1.6794e+02
1.5686e+02
1.7638e+02
1.6198e+02
1.7808e+02
1.6213e+02
1.6873e+02
1.6590e+02
1.5218e+02
1.5355e+02
1.3707e+02
1.6311e+02
1.6529e+02
1.8795e+02
1.8721e+02
1.8142e+02
1.7532e+02
1.5609e+02
1.5863e+02
1.6237e+02
1.4432e+02
1.3415e+02
1.9074e+02
1.7118e+02
1.9222e+02
2.2731e+02
2.1904e+02
1.9152e+02
2.1934e+02
2.0464e+02
1.9947e+02
2.0639e+02
1.9669e+02
2.1548e+02
2.0196e+02
2.0186e+02
2.0893e+02
2.0450e+02
1.9582e+02
2.0075e+02
1.9356e+02
1.8764e+02
1.5704e+02
1.5776e+02
1.6574e+02
1.5590e+02
1.6502e+02
1.4338e+02
1.6274e+02
1.8282e+02
1.6586e+02
1.5065e+02
1.7872e+02
1.3342e+02
1.7367e+02
1.9117e+02
1.5895e+02
1.8436e+02
1.7383e+02
1.6349e+02
1.4466e+02
1.5425e+02
1.4845e+02
1.5502e+02
1.9621e+02
1.7499e+02
1.9114e+02
1.5294e+02
1.4308e+02
1.5947e+02
1.4310e+02
1.4467e+02
1.5714e+02
1.6083e+02
1.8057e+02
1.9066e+02
1.9434e+02
1.6599e+02
1.7015e+02
1.5094e+02
1.7722e+02
1.6459e+02
1.3820e+02
1.7933e+02
1.5662e+02
1.5615e+02
1.5850e+02
1.7292e+02
1.7839e+02
1.8018e+02
1.6578e+02
1.6702e+02
1.7979e+02
1.5996e+02
1.9780e+02
1.5944e+02
1.5367e+02
1.9004e+02
1.9502e+02
1.8691e+02
2.0249e+02
1.7041e+02
1.5758e+02
1.8677e+02
1.8389e+02
1.5922e+02
1.7012e+02
1.5737e+02
1.7289e+02
1.6654e+02
1.7700e+02
1.5979e+02
1.2342e+02
1.4741e+02
1.6405e+02
1.6500e+02
1.5115e+02
1.7848e+02
1.6760e+02
1.6742e+02
1.7363e+02
1.6321e+02
1.8536e+02
1.6928e+02
1.7214e+02
1.4485e+02
1.3034e+02
1.5131e+02
1.7678e+02
1.7059e+02
1.6563e+02
1.8672e+02
1.7345e+02
1.8632e+02
1.6925e+02
1.6324e+02
1.8615e+02
1.7383e+02
1.8739e+02
1.7257e+02
1.5210e+02
1.9154e+02
1.5695e+02
2.2096e+02
2.0309e+02
1.6604e+02
1.7693e+02
1.5433e+02
1.5785e+02
2.1558e+02
2.1999e+02
1.6992e+02
2.0271e+02
1.8638e+02
2.0739e+02
2.2207e+02
2.0616e+02
1.8642e+02
2.0462e+02
1.9877e+02
1.9279e+02
1.9003e+02
2.0262e+02
1.7595e+02
1.7790e+02
1.5679e+02
1.8303e+02
2.0644e+02
1.7557e+02
1.8831e+02
1.9203e+02
1.9368e+02
1.6418e+02
2.0295e+02
1.8569e+02
1.7311e+02
1.7435e+02
2.1205e+02
1.9143e+02
1.8640e+02
1.4757e+02
1.8332e+02
1.9215e+02
1.9642e+02
1.8564e+02
1.7687e+02
1.4334e+02
1.9463e+02
1.7311e+02
1.5130e+02
1.8584e+02
1.8896e+02
1.8101e+02
1.8361e+02
1.7105e+02
1.9765e+02
1.9088e+02
1.5020e+02
1.9723e+02
1.9797e+02
1.9779e+02
1.8515e+02
1.8206e+02
1.8636e+02
1.9705e+02
2.0137e+02
2.4103e+02
2.1628e+02
2.0505e+02
1.9898e+02
2.2912e+02
2.8658e+02
2.7868e+02
2.4422e+02
2.1071e+02
2.1723e+02
2.2981e+02
2.0005e+02
2.0470e+02
2.0790e+02
2.1758e+02
2.1047e+02
2.1925e+02
2.2715e+02
2.0203e+02
2.0603e+02
1.9219e+02
1.8705e+02
1.6393e+02
1.8549e+02
2.1252e+02
2.0630e+02
2.1907e+02
2.0779e+02
2.1331e+02
2.0485e+02
1.7106e+02
2.0900e+02
2.1542e+02
2.3705e+02
2.2640e+02
2.1436e+02
2.3399e+02
2.2559e+02
2.1822e+02
2.1438e+02
1.8548e+02
2.1792e+02
2.4027e+02
2.5054e+02
2.1504e+02
2.1402e+02
2.3456e+02
1.9759e+02
1.9886e+02
2.1592e+02
2.1817e+02
2.3753e+02
2.5688e+02
3.0451e+02
2.7059e+02
2.2902e+02
2.4541e+02
2.1815e+02
2.3393e+02
2.0877e+02
2.0731e+02
2.2253e+02
2.3075e+02
2.0775e+02
2.2165e+02
1.7391e+02
2.1754e+02
2.2376e+02
2.2145e+02
2.1965e+02
2.4260e+02
2.3613e+02
1.9761e+02
2.0074e+02
1.9951e+02
2.0686e+02
1.8080e+02
1.8605e+02
1.6993e+02
1.8274e+02
1.9114e+02
2.1185e+02
2.1443e+02
2.2090e+02
2.0464e+02
2.1660e+02
2.0169e+02
2.0694e+02
1.9520e+02
1.5515e+02
1.6950e+02
1.9561e+02
1.7235e+02
1.9305e+02
1.8322e+02
1.8642e+02
2.0669e+02
1.8826e+02
1.6828e+02
1.6397e+02
1.7268e+02
1.5563e+02
1.5941e+02
1.8105e+02
1.7829e+02
1.7723e+02
1.9410e+02
1.7529e+02
1.9356e+02
2.1830e+02
1.7291e+02
2.2146e+02
1.8836e+02
2.0749e+02
2.2778e+02
1.8779e+02
1.9794e+02
1.7672e+02
1.7678e+02
1.6471e+02
1.6765e+02
1.6825e+02
1.5218e+02
1.6794e+02
1.7407e+02
1.6366e+02
1.8295e+02
1.5700e+02
1.5919e+02
2.0460e+02
2.1638e+02
1.7458e+02
1.5832e+02
1.7457e+02
1.4574e+02
1.5145e+02
1.9374e+02
1.7867e+02
1.8388e+02
1.7276e+02
1.4898e+02
1.7491e+02
1.7235e+02
2.0902e+02
2.0068e+02
1.7374e+02
1.5895e+02
1.7730e+02
1.7949e+02
1.9312e+02
1.9742e+02
1.8210e+02
1.8838e+02
1.8525e+02
1.5076e+02
1.7524e+02
1.8109e+02
1.9672e+02
2.0094e+02
1.5413e+02
1.7634e+02
1.5950e+02
1.6225e+02
1.7635e+02
1.8197e+02
1.7019e+02
1.6374e+02
1.6408e+02
1.8984e+02
1.8814e+02
1.7046e+02
1.6854e+02
1.6544e+02
1.7113e+02
1.8056e+02
1.4258e+02
1.3960e+02
1.8943e+02
1.9591e+02
1.5883e+02
1.1976e+02
1.7137e+02
1.7272e+02
1.7286e+02
1.5183e+02
1.6570e+02
1.4832e+02
1.5471e+02
1.6072e+02
1.5043e+02
1.7548e+02
1.6981e+02
1.7346e+02
1.4597e+02
1.5070e+02
1.3827e+02
1.5524e+02
1.5415e+02
1.6606e+02
1.8007e+02
1.6001e+02
1.9308e+02
1.8241e+02
1.7599e+02
1.9145e+02
1.7978e+02
1.2762e+02
1.5285e+02
1.5882e+02
1.6263e+02
1.4152e+02
1.6990e+02
1.5481e+02
1.5830e+02
1.7912e+02
1.5121e+02
1.4886e+02
1.6324e+02
1.6130e+02
1.9131e+02
1.5899e+02
1.7327e+02
1.4897e+02
1.4273e+02
1.5550e+02
1.4240e+02
1.6299e+02
1.7815e+02
1.5738e+02
1.6060e+02
1.4703e+02
1.5591e+02
1.7268e+02
1.7757e+02
1.1985e+02
1.7475e+02
1.8200e+02
1.5689e+02
1.6074e+02
1.8428e+02
1.4862e+02
1.4604e+02
1.9690e+02
1.6632e+02
1.8794e+02
1.6970e+02
1.5660e+02
1.4461e+02
1.9147e+02
1.8280e+02
1.6815e+02
1.6904e+02
1.5614e+02
1.3792e+02
1.3702e+02
1.5569e+02
1.6417e+02
1.6586e+02
1.7744e+02
1.4522e+02
1.5585e+02
1.5855e+02
1.7566e+02
1.8309e+02
1.5020e+02
1.8502e+02
1.8911e+02
1.4791e+02
1.6941e+02
1.8705e+02
1.8596e+02
1.4511e+02
1.7802e+02
1.8857e+02
1.8499e+02
1.6205e+02
1.9362e+02
1.9067e+02
1.7703e+02
1.3506e+02
1.3023e+02
1.4745e+02
1.4089e+02
1.6026e+02
1.5979e+02
1.7846e+02
1.2991e+02
1.7212e+02
1.8484e+02
1.5762e+02
1.6389e+02
1.6973e+02
1.6292e+02
1.6961e+02
1.6411e+02
1.4665e+02
1.6640e+02
1.5118e+02
1.4983e+02
1.6804e+02
1.6426e+02
1.8536e+02
1.4337e+02
1.7426e+02
1.7234e+02
1.4064e+02
1.5749e+02
1.6029e+02
1.3359e+02
1.7009e+02
1.8429e+02
1.6378e+02
1.7064e+02
1.5766e+02
1.4421e+02
1.7146e+02
1.6463e+02
1.6538e+02
1.7558e+02
1.6149e+02
1.6116e+02
1.6196e+02
1.4285e+02
1.6164e+02
1.6588e+02
1.5793e+02
1.4514e+02
1.6558e+02
1.7920e+02
1.8013e+02
1.5596e+02
1.4439e+02
1.4084e+02
1.4919e+02
1.7448e+02
1.5511e+02
1.4292e+02
1.3290e+02
1.6839e+02
1.6908e+02
1.6425e+02
1.5281e+02
1.6691e+02
1.6696e+02
1.8364e+02
1.7087e+02
1.7844e+02
1.5448e+02
1.5258e+02
1.6703e+02
1.8062e+02
1.7951e+02
1.7261e+02
1.1672e+02
1.6618e+02
1.3213e+02
1.5873e+02
1.3629e+02
1.5527e+02
1.5240e+02
1.8240e+02
1.5410e+02
1.7195e+02
1.5996e+02
1.6634e+02
1.7608e+02
1.6310e+02
1.4828e+02
1.6985e+02
1.7918e+02
1.4933e+02
1.7884e+02
1.6221e+02
1.6190e+02
1.5351e+02
1.5736e+02
1.6642e+02
1.6183e+02
1.6948e+02
1.7303e+02
1.3149e+02
1.6226e+02
1.4064e+02
1.6539e+02
1.6259e+02
1.5943e+02
1.8041e+02
1.5558e+02
1.7263e+02
1.7820e+02
1.6913e+02
1.4548e+02
1.6192e+02
1.8261e+02
1.6345e+02
1.1646e+02
1.7634e+02
1.6994e+02
1.6951e+02
1.5626e+02
1.5528e+02
1.5590e+02
1.6787e+02
1.5363e+02
1.7135e+02
1.6346e+02
1.6051e+02
1.6429e+02
1.6877e+02
1.8445e+02
1.5451e+02
1.5539e+02
1.4317e+02
1.5993e+02
1.4200e+02
1.5842e+02
1.2670e+02
1.7690e+02
1.3735e+02
1.6222e+02
1.5698e+02
1.3670e+02
1.7606e+02
1.6104e+02
1.7671e+02
1.4152e+02
1.9750e+02
1.9688e+02
1.5307e+02
1.5776e+02
1.5523e+02
1.3539e+02
1.6643e+02
1.5314e+02
1.6349e+02
1.7234e+02
1.4347e+02
1.8017e+02
1.8017e+02
1.7509e+02
1.5432e+02
1.4815e+02
1.3975e+02
1.6388e+02
1.7275e+02
1.3553e+02
1.5164e+02
1.6361e+02
1.6202e+02
1.6661e+02
1.6357e+02
1.7709e+02
1.7645e+02
1.4626e+02
1.2691e+02
1.4102e+02
1.4590e+02
1.6140e+02
1.7134e+02
1.6467e+02
1.4063e+02
1.4659e+02
1.2847e+02
1.6195e+02
1.5919e+02
1.6759e+02
1.4615e+02
1.4454e+02
1.6723e+02
1.7130e+02
1.8004e+02
1.7740e+02
1.6306e+02
1.4488e+02
1.4462e+02
1.7876e+02
1.5199e+02
1.6051e+02
1.3233e+02
1.5430e+02
1.5749e+02
1.9324e+02
1.7409e+02
1.6947e+02
1.4662e+02
1.4663e+02
