1.6463e+02
1.6407e+02
1.6852e+02
1.5600e+02
1.5634e+02
1.2356e+02
1.8460e+02
1.3762e+02
1.5198e+02
1.6595e+02
1.6019e+02
1.6134e+02
1.5584e+02
1.7634e+02
1.7768e+02
1.5628e+02
1.6095e+02
1.7005e+02
1.4426e+02
1.6480e+02
1.7481e+02
1.3526e+02
1.6568e+02
1.6729e+02
1.5663e+02
1.5995e+02
1.7861e+02
1.4456e+02
1.3949e+02
1.6468e+02
1.6460e+02
1.3942e+02
1.6228e+02
1.8604e+02
1.6481e+02
1.6325e+02
1.6138e+02
1.7004e+02
1.2594e+02
1.5355e+02
1.8034e+02
1.5086e+02
1.3231e+02
1.5891e+02
1.5922e+02
1.6055e+02
1.5537e+02
1.6645e+02
1.7073e+02
1.4295e+02
1.7459e+02
1.5590e+02
1.3943e+02
1.6613e+02
1.6181e+02
1.6977e+02
1.8322e+02
1.7573e+02
1.6406e+02
1.7823e+02
1.3605e+02
2.0348e+02
1.4755e+02
1.7026e+02
1.5190e+02
1.7024e+02
1.5906e+02
1.7268e+02
1.6561e+02
1.7429e+02
1.7420e+02
1.6213e+02
1.6693e+02
1.6452e+02
1.7530e+02
1.6477e+02
1.3795e+02
1.6421e+02
1.7916e+02
1.5980e+02
1.8292e+02
1.9107e+02
1.8196e+02
1.5840e+02
1.7441e+02
1.7162e+02
1.6635e+02
1.7735e+02
1.7087e+02
1.3985e+02
1.4672e+02
1.6743e+02
1.6047e+02
1.7257e+02
1.5814e+02
1.4992e+02
1.5431e+02
1.6110e+02
1.5951e+02
1.5489e+02
1.5679e+02
1.5799e+02
1.6641e+02
1.6897e+02
1.6282e+02
1.3497e+02
1.6881e+02
1.8521e+02
1.5352e+02
1.5889e+02
1.6112e+02
1.7799e+02
1.4911e+02
1.4218e+02
1.7401e+02
1.4688e+02
1.2694e+02
1.7747e+02
1.5429e+02
1.6304e+02
1.6536e+02
1.6095e+02
1.5880e+02
1.6601e+02
1.7293e+02
1.2618e+02
1.4856e+02
1.6518e+02
1.6465e+02
1.6388e+02
1.5572e+02
1.3766e+02
1.6282e+02
1.5676e+02
1.5516e+02
1.7885e+02
1.5815e+02
1.7276e+02
1.7061e+02
1.3919e+02
1.5357e+02
1.5421e+02
1.4541e+02
1.8775e+02
1.5374e+02
1.4151e+02
1.7597e+02
1.8708e+02
1.7586e+02
1.5873e+02
1.4882e+02
1.8520e+02
1.6123e+02
1.3945e+02
1.3716e+02
1.7464e+02
1.7667e+02
1.8425e+02
1.6728e+02
1.7101e+02
1.6232e+02
1.7550e+02
1.9809e+02
1.8943e+02
1.6346e+02
1.4111e+02
1.5723e+02
1.5449e+02
1.6404e+02
1.6779e+02
1.6027e+02
1.3202e+02
1.5963e+02
1.8842e+02
1.6974e+02
1.6147e+02
1.5980e+02
1.6585e+02
1.6096e+02
1.4877e+02
1.4365e+02
1.5281e+02
1.6693e+02
1.5956e+02
1.6452e+02
1.6501e+02
1.8205e+02
1.9012e+02
1.5534e+02
1.5210e+02
1.6643e+02
1.7024e+02
1.5969e+02
1.4742e+02
1.5365e+02
1.5493e+02
1.4234e+02
1.8793e+02
1.6478e+02
1.2540e+02
1.5940e+02
1.6326e+02
1.4928e+02
1.8084e+02
1.8650e+02
1.7803e+02
1.6126e+02
1.9669e+02
1.6995e+02
1.6574e+02
1.6589e+02
1.5671e+02
1.6354e+02
1.5570e+02
1.8302e+02
1.7001e+02
1.5180e+02
1.7135e+02
1.5006e+02
1.4747e+02
1.6534e+02
1.8856e+02
1.9156e+02
1.6117e+02
1.5235e+02
1.7699e+02
1.8646e+02
1.7193e+02
1.6270e+02
1.6020e+02
1.6052e+02
1.4040e+02
1.7372e+02
1.7506e+02
1.8705e+02
1.6340e+02
1.7082e+02
1.4807e+02
1.6453e+02
1.7664e+02
1.6489e+02
1.7083e+02
1.8222e+02
1.8213e+02
1.7541e+02
1.4914e+02
1.6306e+02
1.7128e+02
1.6736e+02
1.8224e+02
1.4305e+02
1.5146e+02
1.6107e+02
1.6054e+02
1.5427e+02
1.5887e+02
1.7769e+02
1.6667e+02
1.6831e+02
1.4972e+02
1.2924e+02
1.4852e+02
1.8272e+02
1.6527e+02
1.4974e+02
1.7359e+02
1.6205e+02
1.6274e+02
1.6546e+02
1.4877e+02
1.6611e+02
1.6662e+02
1.6825e+02
1.5123e+02
1.6489e+02
1.8453e+02
1.5554e+02
1.7091e+02
1.7288e+02
1.4484e+02
1.6546e+02
1.7135e+02
1.8106e+02
1.9070e+02
1.8216e+02
1.5152e+02
1.6687e+02
2.0611e+02
1.7621e+02
2.0309e+02
1.8574e+02
1.7345e+02
1.5446e+02
1.7452e+02
1.8829e+02
1.9172e+02
1.8151e+02
1.7867e+02
1.6538e+02
1.7155e+02
1.6099e+02
1.8680e+02
1.8424e+02
1.5317e+02
1.7360e+02
1.7309e+02
1.9320e+02
1.6336e+02
1.9484e+02
1.5925e+02
1.8725e+02
1.7709e+02
1.8617e+02
1.7637e+02
1.9625e+02
1.6440e+02
2.0875e+02
1.9842e+02
2.0821e+02
1.9273e+02
1.8327e+02
1.7915e+02
2.1020e+02
1.7984e+02
1.6208e+02
2.0310e+02
1.7543e+02
1.8173e+02
1.8758e+02
2.0409e+02
1.8296e+02
2.0704e+02
1.9591e+02
2.1612e+02
2.1323e+02
2.0677e+02
1.9049e+02
1.4955e+02
2.0959e+02
2.0768e+02
1.6815e+02
1.8370e+02
1.9157e+02
1.8459e+02
1.9481e+02
1.8451e+02
1.9621e+02
2.1037e+02
1.8962e+02
1.5750e+02
1.7402e+02
1.9507e+02
2.0810e+02
1.8936e+02
2.0272e+02
1.8237e+02
1.9530e+02
1.6798e+02
1.8944e+02
1.8584e+02
1.8923e+02
1.9738e+02
1.3789e+02
1.4766e+02
1.9797e+02
2.0099e+02
2.1616e+02
1.8785e+02
1.9258e+02
1.6361e+02
2.0915e+02
2.2198e+02
1.9921e+02
2.0768e+02
2.1406e+02
2.0770e+02
2.4306e+02
2.3636e+02
2.1993e+02
2.3962e+02
2.9643e+02
2.7407e+02
2.6217e+02
3.2027e+02
4.3699e+02
4.1643e+02
2.6898e+02
2.8934e+02
2.4346e+02
2.7821e+02
2.4394e+02
2.2832e+02
2.2298e+02
1.9905e+02
2.2998e+02
1.8396e+02
1.9994e+02
2.2796e+02
2.2547e+02
1.9495e+02
1.8975e+02
2.0210e+02
1.8627e+02
1.7236e+02
1.8133e+02
2.0419e+02
1.6136e+02
2.2555e+02
2.3235e+02
2.3229e+02
2.3166e+02
2.0953e+02
1.6135e+02
2.1368e+02
2.3958e+02
2.5042e+02
2.0967e+02
1.9917e+02
1.8439e+02
2.0258e+02
2.3090e+02
2.1543e+02
2.0791e+02
2.1595e+02
2.2528e+02
2.0580e+02
2.2559e+02
2.3723e+02
2.3967e+02
2.3709e+02
2.2523e+02
2.6349e+02
2.9963e+02
2.6086e+02
2.4843e+02
2.6446e+02
2.1800e+02
2.3061e+02
2.3886e+02
2.5685e+02
2.2149e+02
2.1962e+02
2.1154e+02
2.3137e+02
2.1824e+02
2.3295e+02
2.1369e+02
1.9521e+02
2.1724e+02
2.2152e+02
1.7222e+02
2.0825e+02
2.1377e+02
2.1056e+02
2.1929e+02
2.1128e+02
1.8991e+02
2.0751e+02
2.1570e+02
1.8636e+02
1.9862e+02
1.6567e+02
1.8068e+02
2.2794e+02
2.0972e+02
1.5328e+02
2.0375e+02
2.1269e+02
1.6593e+02
1.8253e+02
1.6948e+02
2.0732e+02
2.1946e+02
1.7563e+02
2.1607e+02
1.7868e+02
1.8337e+02
2.0578e+02
1.9948e+02
1.6956e+02
2.0363e+02
1.2442e+02
1.9972e+02
1.8031e+02
1.7988e+02
1.9767e+02
1.7370e+02
1.7591e+02
2.0680e+02
2.0173e+02
2.0826e+02
2.1501e+02
1.9701e+02
1.7434e+02
1.6766e+02
1.8755e+02
1.8691e+02
2.0130e+02
1.8424e+02
1.8504e+02
2.0780e+02
1.7483e+02
1.9797e+02
1.8726e+02
1.9231e+02
1.7629e+02
1.9434e+02
2.0279e+02
1.9456e+02
1.7862e+02
1.6514e+02
1.7274e+02
1.8905e+02
1.7822e+02
1.8135e+02
1.8370e+02
1.6194e+02
1.9159e+02
1.7257e+02
1.7157e+02
1.6756e+02
1.7617e+02
1.9170e+02
2.0563e+02
1.7051e+02
1.6559e+02
1.7763e+02
1.9392e+02
1.8903e+02
1.7751e+02
1.7363e+02
1.7891e+02
1.6656e+02
1.8613e+02
1.6149e+02
1.8781e+02
1.7952e+02
2.1197e+02
1.7490e+02
1.6375e+02
1.5994e+02
1.8129e+02
1.6360e+02
1.7265e+02
1.5408e+02
1.5237e+02
1.9284e+02
1.8997e+02
1.6064e+02
1.7787e+02
1.8017e+02
1.8205e+02
1.7499e+02
1.7311e+02
1.7998e+02
1.7382e+02
1.4699e+02
1.8697e+02
1.9406e+02
1.5883e+02
1.7121e+02
1.6163e+02
1.6988e+02
1.5741e+02
1.6708e+02
1.6711e+02
1.5322e+02
1.4210e+02
1.3609e+02
1.6047e+02
1.4178e+02
1.8951e+02
1.4473e+02
1.7775e+02
1.6690e+02
1.7671e+02
1.7124e+02
1.6256e+02
1.5607e+02
1.6145e+02
1.6976e+02
1.6794e+02
1.8924e+02
1.9149e+02
1.4561e+02
1.6528e+02
1.7581e+02
1.7718e+02
1.8438e+02
1.7510e+02
1.5581e+02
1.6549e+02
1.3673e+02
1.5809e+02
1.6459e+02
1.5516e+02
1.7565e+02
1.7650e+02
1.6468e+02
1.7083e+02
1.5279e+02
1.5627e+02
1.7859e+02
1.9551e+02
1.7571e+02
1.6831e+02
1.8029e+02
1.5575e+02
1.5780e+02
1.6405e+02
1.5761e+02
1.5607e+02
1.3401e+02
1.6161e+02
1.4072e+02
1.5535e+02
1.3456e+02
1.7125e+02
1.6673e+02
1.4816e+02
1.5593e+02
1.3545e+02
1.6732e+02
1.5628e+02
1.5679e+02
1.6182e+02
1.4764e+02
1.7979e+02
1.6921e+02
1.6260e+02
1.6261e+02
1.8628e+02
1.6476e+02
1.5636e+02
1.7191e+02
1.9637e+02
1.8824e+02
1.7025e+02
1.7698e+02
1.7364e+02
1.7294e+02
1.6675e+02
1.7495e+02
1.7015e+02
1.4917e+02
1.6634e+02
1.7234e+02
1.3639e+02
1.6303e+02
1.7580e+02
1.6221e+02
1.3869e+02
1.5539e+02
1.5502e+02
1.5649e+02
1.4856e+02
1.5964e+02
1.4888e+02
1.6996e+02
1.6871e+02
1.7525e+02
1.6387e+02
1.3675e+02
1.5019e+02
1.5119e+02
1.6875e+02
1.5845e+02
1.4523e+02
1.6706e+02
1.8440e+02
1.7597e+02
1.7135e+02
1.6605e+02
1.5251e+02
1.6216e+02
1.9484e+02
1.8156e+02
1.7376e+02
1.3870e+02
1.7384e+02
1.6059e+02
1.5186e+02
1.7316e+02
1.6586e+02
1.6063e+02
1.6257e+02
1.5059e+02
1.5723e+02
1.6732e+02
1.4960e+02
1.3739e+02
1.5688e+02
1.7373e+02
1.8991e+02
1.7368e+02
1.8212e+02
1.5559e+02
1.4891e+02
1.4827e+02
1.6122e+02
1.5074e+02
1.5053e+02
1.5819e+02
1.7979e+02
1.7313e+02
1.6534e+02
1.6089e+02
1.7628e+02
1.5771e+02
1.6331e+02
1.6804e+02
1.4774e+02
1.8010e+02
1.9062e+02
1.6988e+02
1.7230e+02
1.7442e+02
1.0419e+02
1.4448e+02
1.5657e+02
1.5048e+02
1.6378e+02
1.8049e+02
1.4796e+02
1.4961e+02
1.7343e+02
1.7106e+02
1.7429e+02
1.7537e+02
1.6437e+02
1.4441e+02
1.4752e+02
1.4205e+02
1.4905e+02
1.6457e+02
1.6713e+02
1.7783e+02
1.6807e+02
1.4057e+02
1.7575e+02
1.6699e+02
1.6119e+02
1.8117e+02
1.7346e+02
1.6453e+02
1.4995e+02
1.7032e+02
1.6310e+02
1.7222e+02
1.6535e+02
1.6922e+02
1.7538e+02
1.4797e+02
1.6031e+02
1.2604e+02
1.6143e+02
1.4525e+02
1.6825e+02
1.5732e+02
1.6847e+02
1.2539e+02
1.4384e+02
1.6962e+02
1.8982e+02
1.9275e+02
1.7221e+02
1.2821e+02
1.8147e+02
1.6818e+02
1.5937e+02
1.6726e+02
1.8108e+02
1.8686e+02
1.5350e+02
1.5168e+02
1.5835e+02
1.3935e+02
1.5383e+02
1.8095e+02
1.6615e+02
1.7459e+02
1.8193e+02
1.5897e+02
1.7891e+02
1.6378e+02
1.3608e+02
1.5509e+02
1.4965e+02
1.4326e+02
1.3307e+02
1.5367e+02
1.8120e+02
1.7886e+02
1.5427e+02
1.7500e+02
1.5843e+02
1.6199e+02
1.4105e+02
1.5764e+02
1.5565e+02
1.5490e+02
1.3951e+02
1.5706e+02
1.5445e+02
1.7123e+02
1.5048e+02
1.5861e+02
1.4212e+02
1.5501e+02
1.6691e+02
1.4828e+02
1.6317e+02
1.6170e+02
1.5535e+02
1.5682e+02
1.6831e+02
1.7082e+02
1.4155e+02
1.7643e+02
1.8414e+02
1.6124e+02
1.7846e+02
1.5741e+02
1.8684e+02
1.8677e+02
1.7676e+02
1.6614e+02
1.9087e+02
1.6691e+02
1.3665e+02
1.4628e+02
1.5247e+02
1.5267e+02
1.6187e+02
1.6916e+02
1.5981e+02
1.8497e+02
1.8988e+02
1.7125e+02
1.6597e+02
1.6798e+02
1.4370e+02
1.3184e+02
1.2829e+02
1.4040e+02
1.6099e+02
1.6396e+02
1.5041e+02
1.5996e+02
1.7548e+02
1.5222e+02
1.5879e+02
1.6675e+02
1.8091e+02
1.4879e+02
1.8131e+02
1.7179e+02
1.5698e+02
1.4920e+02
1.4478e+02
1.5297e+02
1.5961e+02
1.6414e+02
1.5938e+02
1.8403e+02
