2.7895e+02
3.0451e+02
2.9801e+02
2.9996e+02
3.0790e+02
2.9916e+02
2.9348e+02
3.4192e+02
3.3386e+02
2.6584e+02
3.1447e+02
3.0065e+02
2.9607e+02
2.8603e+02
3.0138e+02
2.7981e+02
2.9998e+02
2.7151e+02
3.2084e+02
2.8695e+02
3.0027e+02
2.5303e+02
2.9134e+02
2.8924e+02
3.2171e+02
2.8024e+02
2.5150e+02
2.5764e+02
3.0227e+02
2.8464e+02
2.8411e+02
2.6302e+02
2.7156e+02
2.9386e+02
2.8086e+02
2.7166e+02
2.9855e+02
2.9966e+02
2.8356e+02
2.6668e+02
3.0232e+02
3.1291e+02
3.1635e+02
2.9921e+02
2.8463e+02
3.0912e+02
2.8531e+02
2.6640e+02
2.5598e+02
2.8951e+02
2.9803e+02
2.8562e+02
2.7874e+02
2.9336e+02
2.6692e+02
2.8597e+02
3.0098e+02
3.0262e+02
2.9533e+02
2.9383e+02
3.1101e+02
2.6161e+02
2.9462e+02
2.7305e+02
3.2538e+02
2.9411e+02
3.3554e+02
3.2278e+02
3.0444e+02
3.0146e+02
3.0550e+02
2.9608e+02
3.0559e+02
3.0069e+02
2.8825e+02
3.0406e+02
3.0456e+02
2.9261e+02
3.1111e+02
2.8900e+02
3.0835e+02
3.0659e+02
2.9059e+02
2.9918e+02
3.1589e+02
3.1016e+02
2.7854e+02
2.7206e+02
2.5164e+02
2.5479e+02
2.9169e+02
2.9804e+02
2.8034e+02
2.9199e+02
2.6328e+02
3.1135e+02
2.9964e+02
2.4654e+02
2.7625e+02
3.1359e+02
3.1453e+02
3.2124e+02
2.2904e+02
3.1579e+02
3.1736e+02
2.9347e+02
2.9342e+02
2.9138e+02
2.7159e+02
2.8363e+02
3.1148e+02
2.8665e+02
2.9851e+02
3.2046e+02
3.0032e+02
2.8665e+02
3.2017e+02
3.3184e+02
2.9017e+02
3.2926e+02
2.9240e+02
3.1977e+02
3.1095e+02
3.0585e+02
2.7978e+02
2.7458e+02
2.9050e+02
2.7450e+02
3.0996e+02
3.3446e+02
2.9437e+02
2.7035e+02
2.8788e+02
3.0725e+02
3.3137e+02
3.4346e+02
3.1310e+02
3.0284e+02
3.1214e+02
2.9011e+02
2.7208e+02
3.0418e+02
3.0126e+02
2.8900e+02
3.1392e+02
3.2794e+02
3.2056e+02
3.1053e+02
3.0438e+02
2.8895e+02
2.7325e+02
2.6521e+02
2.8654e+02
3.0950e+02
3.1332e+02
2.9862e+02
3.0092e+02
3.0915e+02
3.0338e+02
2.6744e+02
2.9721e+02
2.9705e+02
3.3447e+02
3.0689e+02
2.6271e+02
3.0679e+02
3.1620e+02
3.1633e+02
3.2044e+02
2.7391e+02
2.9406e+02
2.9916e+02
3.0423e+02
3.1900e+02
3.2695e+02
2.8731e+02
2.6592e+02
3.1030e+02
3.1176e+02
2.8831e+02
2.8015e+02
2.9210e+02
2.8805e+02
2.7764e+02
3.1069e+02
2.9624e+02
3.0625e+02
2.9625e+02
3.1407e+02
3.3269e+02
2.8042e+02
2.8647e+02
2.9646e+02
2.9585e+02
2.3752e+02
2.9407e+02
3.0080e+02
3.0700e+02
3.0067e+02
2.3602e+02
3.0102e+02
3.0175e+02
2.8065e+02
3.0250e+02
2.9857e+02
2.7543e+02
3.0329e+02
2.7971e+02
2.8479e+02
3.1985e+02
3.0676e+02
2.7652e+02
3.1433e+02
3.1435e+02
2.6233e+02
3.0237e+02
2.6801e+02
2.8099e+02
2.3834e+02
2.3714e+02
2.6918e+02
3.0122e+02
3.1697e+02
3.0866e+02
2.9516e+02
3.0417e+02
2.9076e+02
2.5499e+02
2.7531e+02
2.9000e+02
2.8737e+02
2.9889e+02
2.7999e+02
3.1312e+02
2.9138e+02
2.7909e+02
2.7809e+02
2.8679e+02
3.4060e+02
3.4624e+02
3.2436e+02
2.9621e+02
3.1164e+02
3.0970e+02
3.0001e+02
2.5203e+02
2.9651e+02
2.4290e+02
3.1059e+02
3.2070e+02
2.0584e+02
3.0158e+02
2.5578e+02
3.0067e+02
3.1520e+02
2.9863e+02
2.6413e+02
3.0067e+02
3.0823e+02
2.9434e+02
3.1280e+02
3.1966e+02
3.0705e+02
2.8373e+02
2.8509e+02
2.7956e+02
3.2398e+02
3.1036e+02
3.0488e+02
2.8748e+02
2.7142e+02
2.6931e+02
3.0653e+02
3.0794e+02
2.8337e+02
2.8975e+02
3.0592e+02
3.3084e+02
3.2295e+02
2.6272e+02
2.8240e+02
2.9594e+02
2.9353e+02
2.4371e+02
2.8900e+02
3.1227e+02
3.0636e+02
2.4402e+02
2.8134e+02
3.0544e+02
2.9464e+02
2.8074e+02
2.7766e+02
2.6161e+02
3.0003e+02
2.7590e+02
3.3477e+02
3.2158e+02
3.1815e+02
2.8667e+02
2.8148e+02
2.8652e+02
2.9232e+02
2.9076e+02
3.0691e+02
3.1272e+02
3.0357e+02
2.3971e+02
3.1865e+02
3.0321e+02
3.0138e+02
2.7000e+02
2.8271e+02
2.5896e+02
2.4713e+02
2.5417e+02
2.8431e+02
3.0230e+02
2.8642e+02
2.9215e+02
3.1866e+02
2.6744e+02
2.8608e+02
2.8322e+02
2.7927e+02
2.9370e+02
3.0465e+02
3.2022e+02
2.9520e+02
3.3321e+02
3.3457e+02
3.0403e+02
2.5666e+02
2.8096e+02
2.7067e+02
3.0575e+02
2.9737e+02
2.9757e+02
2.9033e+02
3.0179e+02
3.0538e+02
2.3009e+02
2.6793e+02
2.7585e+02
2.7531e+02
2.9821e+02
2.9455e+02
2.8532e+02
2.5446e+02
3.0167e+02
3.2267e+02
3.3095e+02
2.9618e+02
3.2106e+02
3.1867e+02
2.8942e+02
2.6237e+02
2.9089e+02
2.8476e+02
2.9446e+02
3.1557e+02
2.8861e+02
2.5150e+02
2.9860e+02
2.9744e+02
2.7705e+02
3.0028e+02
2.7913e+02
2.9279e+02
3.0181e+02
2.7682e+02
2.9668e+02
3.0428e+02
3.0672e+02
3.1410e+02
3.1250e+02
3.3646e+02
3.1721e+02
3.1323e+02
3.1095e+02
3.0599e+02
2.7302e+02
2.7686e+02
2.9139e+02
2.8773e+02
3.1911e+02
3.0010e+02
2.7596e+02
2.8110e+02
3.2553e+02
3.3202e+02
3.0425e+02
2.8486e+02
2.9770e+02
3.1223e+02
2.8654e+02
2.8516e+02
2.9664e+02
2.6712e+02
2.8097e+02
3.2320e+02
3.0472e+02
2.7381e+02
2.8246e+02
2.9601e+02
2.9634e+02
2.8960e+02
3.1203e+02
3.0077e+02
3.0620e+02
2.9722e+02
2.6961e+02
3.2497e+02
2.8813e+02
2.8746e+02
2.8817e+02
2.9471e+02
3.2174e+02
3.4316e+02
3.2797e+02
3.2251e+02
3.1241e+02
2.8738e+02
2.9728e+02
3.2434e+02
3.2789e+02
2.4610e+02
2.6960e+02
2.9364e+02
2.8407e+02
2.8712e+02
3.3406e+02
3.1647e+02
2.8966e+02
2.3691e+02
2.6917e+02
3.1747e+02
3.3902e+02
3.2352e+02
3.2165e+02
3.1401e+02
3.0833e+02
3.1929e+02
2.9144e+02
2.7418e+02
2.9037e+02
2.8335e+02
2.9845e+02
2.8567e+02
2.7730e+02
2.6429e+02
3.1065e+02
3.1751e+02
2.7961e+02
2.6031e+02
2.8348e+02
3.0272e+02
3.0246e+02
3.1454e+02
3.1110e+02
2.7431e+02
2.5053e+02
2.8531e+02
2.9791e+02
2.8092e+02
3.0429e+02
3.2371e+02
2.6920e+02
2.8808e+02
2.7060e+02
2.8967e+02
3.0377e+02
2.7418e+02
2.8595e+02
3.0900e+02
3.1452e+02
2.9214e+02
3.0052e+02
3.1686e+02
2.9057e+02
2.8889e+02
3.1376e+02
3.1039e+02
2.9615e+02
2.6882e+02
3.1607e+02
3.0140e+02
3.1156e+02
3.2324e+02
3.2773e+02
3.1083e+02
3.1993e+02
2.9041e+02
3.0425e+02
3.2575e+02
3.3256e+02
3.1370e+02
3.0020e+02
3.0057e+02
2.4117e+02
2.5404e+02
2.9138e+02
3.1071e+02
3.1391e+02
3.2208e+02
3.0358e+02
2.9132e+02
2.9744e+02
3.0834e+02
2.9270e+02
3.1135e+02
2.8931e+02
2.9531e+02
2.8808e+02
3.1693e+02
3.2777e+02
3.3226e+02
3.0314e+02
3.0437e+02
3.0489e+02
3.2876e+02
2.5164e+02
3.0151e+02
3.1166e+02
2.6519e+02
2.8468e+02
3.0909e+02
2.8367e+02
3.2221e+02
3.3423e+02
3.0955e+02
3.1487e+02
3.5040e+02
3.3663e+02
3.0612e+02
2.9620e+02
2.8632e+02
3.2596e+02
3.2399e+02
3.0174e+02
2.8919e+02
3.1286e+02
2.8969e+02
3.1034e+02
3.2761e+02
3.2422e+02
2.7484e+02
2.9823e+02
2.9271e+02
3.0739e+02
3.0607e+02
3.2158e+02
2.7871e+02
2.8580e+02
3.1448e+02
3.1409e+02
2.5549e+02
2.5795e+02
2.9496e+02
3.0688e+02
3.1790e+02
3.0666e+02
2.7237e+02
2.8243e+02
2.9260e+02
3.3369e+02
3.0731e+02
3.4173e+02
2.6915e+02
3.3798e+02
2.9688e+02
2.7074e+02
3.0376e+02
2.7471e+02
3.0911e+02
3.0590e+02
2.9405e+02
3.0071e+02
3.2703e+02
3.2282e+02
3.2515e+02
3.1690e+02
2.7023e+02
3.2126e+02
3.0887e+02
3.0658e+02
3.0596e+02
3.3898e+02
3.5845e+02
3.3714e+02
2.9457e+02
3.0193e+02
3.2867e+02
3.3913e+02
2.9390e+02
3.1874e+02
3.1072e+02
2.9273e+02
3.3757e+02
2.9325e+02
3.2161e+02
3.0347e+02
3.0995e+02
3.0730e+02
3.0184e+02
2.7676e+02
3.2601e+02
3.3403e+02
3.2673e+02
3.1218e+02
3.2497e+02
3.2751e+02
2.9957e+02
2.9546e+02
3.0196e+02
2.8396e+02
2.6457e+02
3.0700e+02
3.1025e+02
2.9306e+02
3.2401e+02
3.2427e+02
3.1629e+02
3.2012e+02
2.9666e+02
3.1302e+02
3.1920e+02
3.2950e+02
3.1409e+02
3.1638e+02
3.1400e+02
3.0983e+02
3.0731e+02
2.4162e+02
3.0969e+02
2.8966e+02
2.8182e+02
3.0666e+02
3.1014e+02
3.2699e+02
2.9606e+02
3.1057e+02
2.5147e+02
2.9198e+02
2.9712e+02
3.2102e+02
3.3568e+02
3.3144e+02
3.1131e+02
3.0608e+02
3.0260e+02
3.1742e+02
3.3124e+02
3.1604e+02
3.1155e+02
3.1237e+02
3.2514e+02
3.3001e+02
3.1007e+02
3.1844e+02
2.9400e+02
2.8449e+02
3.1425e+02
3.1420e+02
3.2871e+02
3.1393e+02
2.8843e+02
3.3055e+02
3.2955e+02
2.9079e+02
2.8555e+02
2.6495e+02
2.5218e+02
2.6358e+02
2.9367e+02
2.8535e+02
3.0582e+02
3.2573e+02
3.3739e+02
3.3339e+02
3.3749e+02
3.3409e+02
3.2499e+02
3.4835e+02
3.5759e+02
3.3345e+02
2.7549e+02
2.9782e+02
3.3141e+02
3.2520e+02
3.5109e+02
3.4383e+02
3.1514e+02
3.2460e+02
3.3352e+02
3.0900e+02
2.9383e+02
3.1385e+02
2.8688e+02
3.0599e+02
2.8755e+02
3.0126e+02
3.0879e+02
3.2853e+02
3.6086e+02
3.6118e+02
3.5494e+02
3.3178e+02
3.2460e+02
3.2527e+02
3.2623e+02
3.0755e+02
3.0882e+02
2.7408e+02
3.5693e+02
3.4312e+02
3.2357e+02
2.9527e+02
2.2492e+02
3.2413e+02
3.5824e+02
3.4043e+02
2.9304e+02
3.2058e+02
3.1752e+02
2.6329e+02
2.6273e+02
2.2967e+02
3.0074e+02
3.1671e+02
3.2885e+02
3.2704e+02
3.0196e+02
3.2855e+02
2.9929e+02
3.3284e+02
2.9279e+02
3.2642e+02
3.3602e+02
3.6590e+02
3.6689e+02
3.4517e+02
2.8456e+02
3.2366e+02
3.3281e+02
2.7602e+02
3.2333e+02
3.0188e+02
2.9050e+02
3.1485e+02
3.5223e+02
3.3598e+02
2.8899e+02
3.2720e+02
3.3791e+02
2.7040e+02
3.1128e+02
3.1403e+02
3.0742e+02
2.9406e+02
3.4058e+02
3.5460e+02
3.3424e+02
3.7297e+02
3.5246e+02
3.7092e+02
3.6104e+02
3.9916e+02
4.2070e+02
3.9827e+02
3.6109e+02
3.1871e+02
3.5816e+02
3.4793e+02
3.3034e+02
2.8673e+02
3.3528e+02
3.4871e+02
3.4724e+02
3.2343e+02
3.3041e+02
3.2960e+02
3.4702e+02
3.3845e+02
3.6719e+02
3.7422e+02
3.4654e+02
3.8832e+02
3.5466e+02
3.2896e+02
3.4817e+02
3.3470e+02
3.0141e+02
3.6164e+02
3.7077e+02
3.2617e+02
3.0291e+02
3.2897e+02
3.5082e+02
3.2444e+02
3.0471e+02
3.4051e+02
3.9863e+02
4.0159e+02
3.9469e+02
3.9737e+02
4.2702e+02
4.5393e+02
4.5034e+02
5.3849e+02
5.8277e+02
5.6288e+02
5.0187e+02
4.9448e+02
4.4734e+02
4.0732e+02
3.8541e+02
3.8039e+02
3.8011e+02
3.3304e+02
3.5052e+02
3.3448e+02
3.3818e+02
3.6129e+02
3.7059e+02
3.5762e+02
3.3993e+02
3.6787e+02
3.1653e+02
3.3866e+02
3.3034e+02
3.5688e+02
3.4567e+02
3.6114e+02
3.4470e+02
2.8177e+02
3.6376e+02
3.8879e+02
3.5585e+02
3.3950e+02
3.6232e+02
3.1067e+02
3.5672e+02
3.5679e+02
3.2213e+02
3.2425e+02
3.3756e+02
3.3710e+02
3.4519e+02
3.6528e+02
3.5019e+02
3.2695e+02
3.5781e+02
3.4731e+02
3.1436e+02
3.1073e+02
3.2813e+02
3.2269e+02
3.2333e+02
2.8989e+02
2.7286e+02
3.0274e+02
3.0275e+02
3.2105e+02
3.5469e+02
3.4692e+02
3.0264e+02
3.3692e+02
3.6168e+02
2.8499e+02
3.1840e+02
3.2245e+02
3.2633e+02
3.3520e+02
3.4240e+02
3.3749e+02
3.3616e+02
3.3859e+02
3.1850e+02
3.1980e+02
3.3374e+02
3.0196e+02
2.4241e+02
3.0901e+02
3.1479e+02
2.7033e+02
3.1647e+02
3.4068e+02
3.6029e+02
3.3044e+02
2.7147e+02
2.7312e+02
3.2296e+02
2.9578e+02
3.1709e+02
3.2922e+02
3.2327e+02
2.9323e+02
3.4971e+02
3.0675e+02
3.2338e+02
3.1285e+02
3.1990e+02
3.0117e+02
3.2655e+02
2.9597e+02
3.1767e+02
3.1432e+02
3.0750e+02
3.2171e+02
3.3513e+02
3.5618e+02
3.1967e+02
3.1816e+02
3.1811e+02
2.7442e+02
3.4297e+02
3.6043e+02
2.9191e+02
3.4263e+02
3.1632e+02
2.9142e+02
3.4857e+02
3.5838e+02
3.4149e+02
3.3758e+02
2.9750e+02
3.3678e+02
3.1106e+02
3.1644e+02
3.2606e+02
3.3031e+02
2.6578e+02
3.4249e+02
3.4897e+02
2.9093e+02
2.8515e+02
3.0306e+02
3.2244e+02
3.2349e+02
2.8913e+02
2.8567e+02
2.9998e+02
3.2947e+02
3.4620e+02
3.3063e+02
3.0214e+02
2.6569e+02
2.7453e+02
3.2186e+02
2.9553e+02
3.1621e+02
3.3757e+02
3.1551e+02
3.2497e+02
3.3520e+02
3.1318e+02
3.4296e+02
3.3740e+02
3.0060e+02
3.0821e+02
3.0015e+02
3.0049e+02
2.9572e+02
3.2371e+02
3.3549e+02
3.2523e+02
3.3560e+02
3.2014e+02
2.8544e+02
2.6857e+02
2.8696e+02
3.0335e+02
3.2421e+02
3.3047e+02
2.9408e+02
3.0222e+02
3.2075e+02
2.8617e+02
3.0821e+02
3.1730e+02
3.1899e+02
3.2501e+02
3.0038e+02
2.7158e+02
3.2131e+02
3.2898e+02
3.1902e+02
2.8851e+02
2.9355e+02
2.9513e+02
2.7356e+02
2.8749e+02
2.9397e+02
3.3800e+02
3.2917e+02
3.3670e+02
2.8960e+02
3.0860e+02
3.0780e+02
3.2654e+02
3.2670e+02
2.8266e+02
2.4341e+02
3.1507e+02
3.3777e+02
3.3100e+02
3.1858e+02
3.2032e+02
3.1008e+02
3.3350e+02
3.5336e+02
3.2914e+02
3.0754e+02
2.9899e+02
3.1157e+02
2.9558e+02
3.2712e+02
3.2765e+02
2.6157e+02
2.8828e+02
3.0992e+02
3.4084e+02
3.2169e+02
2.6466e+02
3.0338e+02
2.9341e+02
2.9900e+02
3.0997e+02
2.9469e+02
3.0871e+02
3.2206e+02
3.3380e+02
3.2004e+02
2.8605e+02
3.3379e+02
3.2970e+02
3.1219e+02
2.8709e+02
2.8801e+02
2.7569e+02
2.9068e+02
2.9410e+02
2.8902e+02
2.9750e+02
3.2315e+02
2.8928e+02
3.2332e+02
3.2426e+02
3.0663e+02
3.0454e+02
3.0727e+02
3.0869e+02
3.0999e+02
2.6474e+02
3.3404e+02
3.4100e+02
3.2264e+02
2.9524e+02
2.8762e+02
2.8082e+02
2.4242e+02
2.9314e+02
3.0924e+02
3.2031e+02
3.0997e+02
3.2268e+02
3.3713e+02
2.7438e+02
3.0220e+02
3.0000e+02
3.0863e+02
2.7689e+02
3.1076e+02
2.9687e+02
2.5862e+02
2.9853e+02
3.0433e+02
3.2735e+02
3.2705e+02
2.8852e+02
2.9942e+02
3.0914e+02
3.1149e+02
2.7858e+02
3.1630e+02
2.6943e+02
2.9916e+02
3.2441e+02
3.0709e+02
2.7508e+02
2.9030e+02
2.8802e+02
3.3314e+02
3.3982e+02
3.2526e+02
2.9185e+02
3.2262e+02
3.2107e+02
3.0849e+02
2.9362e+02
2.7773e+02
2.8843e+02
3.0684e+02
2.7823e+02
2.6348e+02
3.3017e+02
3.3914e+02
2.7482e+02
2.6801e+02
2.9095e+02
2.6648e+02
2.9525e+02
3.1710e+02
3.1661e+02
3.2156e+02
3.0964e+02
2.8423e+02
2.9810e+02
3.2333e+02
3.4454e+02
3.2666e+02
3.2115e+02
2.9914e+02
2.9880e+02
2.9425e+02
2.8264e+02
3.0208e+02
2.9804e+02
2.8113e+02
2.8973e+02
3.2884e+02
3.1800e+02
2.8173e+02
3.1872e+02
3.0001e+02
3.0107e+02
3.0195e+02
3.0641e+02
3.2204e+02
2.8985e+02
2.7922e+02
3.0860e+02
2.5402e+02
2.9353e+02
3.1126e+02
2.9509e+02
3.0407e+02
3.3945e+02
3.2593e+02
2.8697e+02
3.1241e+02
2.8700e+02
3.0852e+02
3.0812e+02
2.5588e+02
2.8503e+02
2.8875e+02
3.0800e+02
3.1293e+02
2.9357e+02
3.2782e+02
3.2565e+02
2.7110e+02
2.5430e+02
2.9758e+02
2.9464e+02
3.1295e+02
3.0109e+02
3.0206e+02
2.7467e+02
2.7858e+02
3.0599e+02
2.9871e+02
2.9694e+02
3.0182e+02
2.5565e+02
3.0967e+02
3.2633e+02
3.3092e+02
3.1393e+02
2.6372e+02
2.8087e+02
3.1857e+02
3.1801e+02
3.1323e+02
2.9797e+02
2.4678e+02
2.9535e+02
2.9767e+02
2.6439e+02
2.7686e+02
2.7161e+02
2.8118e+02
2.7863e+02
2.7567e+02
2.7416e+02
2.8466e+02
2.9607e+02
2.9437e+02
3.0982e+02
3.0113e+02
2.8991e+02
3.0847e+02
3.0026e+02
3.2160e+02
2.7902e+02
3.0813e+02
2.8605e+02
2.9039e+02
2.9769e+02
3.0893e+02
2.8747e+02
2.9821e+02
3.0167e+02
2.6922e+02
2.9426e+02
3.1095e+02
2.6590e+02
2.5809e+02
2.6351e+02
2.8877e+02
3.1681e+02
3.2793e+02
3.1538e+02
3.1241e+02
3.2795e+02
3.2031e+02
3.0554e+02
3.0513e+02
2.9498e+02
2.8990e+02
2.9691e+02
2.4860e+02
3.0948e+02
3.0174e+02
2.9499e+02
2.9734e+02
2.9767e+02
2.8598e+02
3.0691e+02
2.9856e+02
3.0853e+02
2.8510e+02
2.6411e+02
3.1297e+02
3.1242e+02
2.8600e+02
2.8474e+02
2.9777e+02
3.4087e+02
3.2826e+02
2.7589e+02
2.5507e+02
2.7695e+02
3.1366e+02
3.0971e+02
3.0866e+02
2.9605e+02
3.1422e+02
3.1088e+02
2.7329e+02
3.1672e+02
3.2497e+02
3.0423e+02
2.7128e+02
2.8638e+02
2.9479e+02
2.9776e+02
2.5854e+02
2.9086e+02
3.0741e+02
2.7734e+02
2.9371e+02
2.9115e+02
3.3637e+02
3.2182e+02
3.0122e+02
2.6219e+02
2.5743e+02
2.8484e+02
3.3948e+02
3.3585e+02
2.9868e+02
2.8804e+02
3.2495e+02
3.2247e+02
3.2128e+02
2.7475e+02
2.9598e+02
2.7329e+02
2.9359e+02
3.0961e+02
3.0377e+02
2.9235e+02
2.9394e+02
2.7644e+02
2.8019e+02
2.6051e+02
2.5946e+02
2.9787e+02
2.8797e+02
2.6968e+02
2.5985e+02
3.1972e+02
3.2291e+02
2.9024e+02
2.8113e+02
2.9104e+02
2.9376e+02
3.0266e+02
2.9077e+02
3.0850e+02
3.1298e+02
3.0222e+02
2.9170e+02
2.7389e+02
2.8052e+02
2.4274e+02
2.7143e+02
2.9341e+02
2.9162e+02
2.8156e+02
3.1741e+02
2.9584e+02
2.7407e+02
3.0523e+02
3.0879e+02
3.0261e+02
2.6817e+02
2.8002e+02
2.9497e+02
2.7429e+02
3.1793e+02
2.9741e+02
2.9656e+02
2.7321e+02
3.1484e+02
3.2465e+02
2.9280e+02
2.8385e+02
2.9979e+02
2.8700e+02
3.0271e+02
2.8885e+02
3.1371e+02
3.1327e+02
2.9346e+02
2.5151e+02
2.8265e+02
3.0737e+02
2.9199e+02
2.9476e+02
2.9727e+02
2.8430e+02
3.1620e+02
2.9024e+02
3.0306e+02
2.7054e+02
3.3965e+02
3.4097e+02
2.3457e+02
2.7321e+02
2.9080e+02
3.1455e+02
3.0835e+02
