3.2381e+02
3.0018e+02
2.9617e+02
2.7987e+02
3.1061e+02
3.0957e+02
2.8084e+02
2.8454e+02
3.2300e+02
3.0807e+02
3.0016e+02
3.2293e+02
3.1012e+02
3.0425e+02
3.0177e+02
3.3254e+02
3.4769e+02
3.4391e+02
3.3360e+02
2.9817e+02
3.0115e+02
3.0449e+02
3.2765e+02
3.4314e+02
3.2176e+02
3.3500e+02
3.0935e+02
2.9965e+02
2.7902e+02
3.0134e+02
3.2895e+02
3.3879e+02
2.7659e+02
2.7604e+02
2.6224e+02
3.2500e+02
3.4874e+02
2.7776e+02
3.1181e+02
3.0574e+02
3.1011e+02
3.3429e+02
3.0443e+02
3.2168e+02
3.2689e+02
3.1644e+02
3.1204e+02
3.1172e+02
3.4161e+02
3.2658e+02
3.0534e+02
3.0296e+02
3.2329e+02
3.2865e+02
2.7321e+02
2.8279e+02
2.7945e+02
3.0398e+02
3.1618e+02
3.3190e+02
3.0973e+02
3.0439e+02
2.9104e+02
2.7868e+02
3.3431e+02
3.4011e+02
3.4129e+02
2.8623e+02
3.3543e+02
3.2009e+02
2.9949e+02
3.2892e+02
3.0939e+02
3.1423e+02
3.4419e+02
3.2320e+02
2.8742e+02
3.1688e+02
3.1034e+02
3.1987e+02
3.0041e+02
2.9579e+02
3.4646e+02
3.4842e+02
3.3756e+02
3.2709e+02
3.1251e+02
3.2050e+02
3.3986e+02
3.0597e+02
2.6738e+02
2.9337e+02
2.9582e+02
3.1678e+02
3.0969e+02
3.0106e+02
3.2357e+02
3.4497e+02
3.1924e+02
2.8703e+02
3.0067e+02
2.8581e+02
3.1596e+02
3.2636e+02
3.3158e+02
3.0421e+02
3.1702e+02
3.3588e+02
3.5074e+02
3.3182e+02
2.9933e+02
2.9413e+02
2.9159e+02
3.0854e+02
2.7623e+02
3.1241e+02
3.4835e+02
3.1022e+02
3.1162e+02
3.4403e+02
3.1951e+02
3.1859e+02
3.1387e+02
3.0001e+02
2.7554e+02
3.0723e+02
2.9072e+02
3.1831e+02
3.0629e+02
3.0303e+02
3.0876e+02
3.1306e+02
3.1787e+02
2.8883e+02
3.2994e+02
2.7640e+02
2.4783e+02
2.8794e+02
2.7811e+02
2.7400e+02
3.3420e+02
3.0894e+02
3.2306e+02
3.0326e+02
2.9722e+02
3.1607e+02
2.7803e+02
3.0501e+02
3.1593e+02
3.2206e+02
3.3384e+02
3.0244e+02
2.7357e+02
2.9076e+02
2.8935e+02
3.0719e+02
3.0426e+02
2.7872e+02
3.0802e+02
3.1526e+02
2.9382e+02
2.9148e+02
2.9947e+02
3.0642e+02
3.1635e+02
3.0488e+02
2.9704e+02
2.9112e+02
3.0498e+02
3.1244e+02
3.0279e+02
2.7282e+02
2.9293e+02
3.1445e+02
2.6058e+02
2.8759e+02
3.0023e+02
3.1292e+02
3.0075e+02
3.0883e+02
3.1027e+02
2.8897e+02
2.6571e+02
2.9615e+02
2.9208e+02
3.0794e+02
2.9840e+02
3.0393e+02
3.3679e+02
3.0109e+02
3.4265e+02
3.1128e+02
3.0980e+02
2.9273e+02
3.2759e+02
3.4262e+02
3.0814e+02
3.1294e+02
3.0259e+02
3.0329e+02
3.2426e+02
2.8369e+02
2.5532e+02
3.2685e+02
3.2491e+02
2.7835e+02
2.8430e+02
2.9020e+02
3.1156e+02
2.8453e+02
3.1303e+02
2.9280e+02
2.9654e+02
3.2264e+02
2.8093e+02
3.1513e+02
3.0688e+02
3.0752e+02
3.1672e+02
3.1043e+02
3.0383e+02
2.9712e+02
2.8561e+02
2.9480e+02
3.0712e+02
2.8462e+02
3.1228e+02
3.3884e+02
2.8453e+02
3.1246e+02
3.3641e+02
3.5015e+02
3.2207e+02
3.1795e+02
3.2225e+02
3.0581e+02
2.7277e+02
2.8963e+02
3.0305e+02
3.1285e+02
3.3062e+02
3.1003e+02
3.0806e+02
3.1539e+02
3.1796e+02
3.1947e+02
2.9043e+02
3.0069e+02
3.0557e+02
3.1309e+02
3.2302e+02
3.2808e+02
3.2104e+02
3.1454e+02
2.9256e+02
3.2609e+02
3.2509e+02
2.9237e+02
3.2612e+02
3.0317e+02
3.3676e+02
3.2092e+02
3.0564e+02
2.9224e+02
3.2879e+02
3.3334e+02
2.7153e+02
3.4193e+02
3.4296e+02
3.2767e+02
3.1523e+02
3.0003e+02
2.6296e+02
3.3443e+02
3.4770e+02
3.2616e+02
3.3902e+02
2.9669e+02
3.3644e+02
3.2714e+02
3.3338e+02
3.4921e+02
3.0943e+02
2.9983e+02
3.2726e+02
3.1856e+02
3.3000e+02
3.1292e+02
3.0730e+02
3.2992e+02
3.3461e+02
3.0924e+02
3.2909e+02
3.3068e+02
3.1827e+02
2.9184e+02
2.7425e+02
2.9575e+02
3.2167e+02
3.4723e+02
3.3942e+02
3.0537e+02
2.7609e+02
3.2454e+02
3.1853e+02
3.4925e+02
3.2495e+02
3.1779e+02
3.3521e+02
2.9455e+02
3.1980e+02
3.4847e+02
3.3294e+02
3.3361e+02
3.5852e+02
3.6153e+02
3.2742e+02
3.3211e+02
2.8294e+02
3.3383e+02
3.3933e+02
3.1690e+02
3.1037e+02
3.2702e+02
3.0452e+02
3.1023e+02
3.1696e+02
3.2438e+02
2.8600e+02
3.4936e+02
3.3356e+02
3.4561e+02
3.1061e+02
3.4067e+02
3.1670e+02
2.8826e+02
3.1014e+02
3.1166e+02
3.1426e+02
3.3899e+02
3.3935e+02
3.2517e+02
3.2110e+02
2.8590e+02
3.1562e+02
3.4564e+02
3.4669e+02
2.7801e+02
3.4120e+02
3.6430e+02
3.5722e+02
3.6676e+02
3.5987e+02
3.6545e+02
3.4886e+02
3.5473e+02
2.7448e+02
3.4480e+02
3.3581e+02
3.3527e+02
3.3915e+02
3.5052e+02
3.5484e+02
3.8349e+02
3.7913e+02
3.2103e+02
3.4941e+02
3.6337e+02
3.4593e+02
3.4323e+02
3.5204e+02
3.4336e+02
2.9700e+02
3.3220e+02
3.2902e+02
3.5123e+02
3.5675e+02
3.3034e+02
3.4059e+02
3.6923e+02
3.1634e+02
3.0535e+02
3.1181e+02
3.2395e+02
3.1778e+02
3.5497e+02
3.3887e+02
3.7840e+02
3.4725e+02
2.9638e+02
3.0933e+02
3.1039e+02
3.5402e+02
3.4923e+02
3.5039e+02
3.4943e+02
3.3316e+02
3.3128e+02
3.6186e+02
3.7340e+02
3.5872e+02
2.8269e+02
3.4091e+02
3.4225e+02
3.6369e+02
3.1856e+02
2.8075e+02
3.4254e+02
3.7012e+02
3.3015e+02
3.5528e+02
3.4058e+02
3.7213e+02
3.0578e+02
3.4208e+02
3.1323e+02
3.3097e+02
3.6207e+02
3.6243e+02
3.2552e+02
3.2529e+02
3.1535e+02
3.5289e+02
3.3358e+02
3.1323e+02
3.0187e+02
3.2591e+02
3.3529e+02
3.0962e+02
3.3321e+02
3.8203e+02
3.5675e+02
3.7289e+02
3.6493e+02
3.3892e+02
3.4435e+02
3.2142e+02
3.6712e+02
3.6592e+02
3.7536e+02
3.8130e+02
3.2442e+02
3.6249e+02
3.6738e+02
3.6655e+02
3.5339e+02
3.2687e+02
3.4933e+02
3.1490e+02
3.6906e+02
3.4742e+02
3.8301e+02
4.0448e+02
4.0212e+02
3.8633e+02
3.6323e+02
3.3416e+02
3.5276e+02
3.1346e+02
3.4027e+02
3.6270e+02
3.3373e+02
3.7895e+02
3.6657e+02
4.1304e+02
3.7715e+02
3.5910e+02
3.9864e+02
3.9882e+02
3.8903e+02
3.6635e+02
3.5966e+02
3.9694e+02
3.7825e+02
4.2774e+02
3.8961e+02
4.0952e+02
3.9529e+02
4.0763e+02
4.4940e+02
4.1265e+02
4.1097e+02
4.0484e+02
4.2131e+02
3.8333e+02
4.0378e+02
3.8936e+02
3.8592e+02
4.1525e+02
4.1295e+02
4.2215e+02
3.8161e+02
4.3819e+02
4.2491e+02
4.3235e+02
4.4829e+02
4.8344e+02
4.6687e+02
4.4805e+02
5.2441e+02
6.3565e+02
6.1977e+02
5.2498e+02
4.8187e+02
4.6004e+02
4.4166e+02
4.4177e+02
3.7083e+02
4.2235e+02
3.6786e+02
4.1117e+02
4.4517e+02
4.2182e+02
4.1677e+02
3.8983e+02
3.6034e+02
4.1909e+02
3.6118e+02
3.9274e+02
3.8440e+02
4.1487e+02
3.9605e+02
3.5273e+02
3.6074e+02
4.0654e+02
4.0881e+02
3.8379e+02
4.0843e+02
3.9964e+02
3.6016e+02
3.6193e+02
3.4883e+02
3.9568e+02
4.0013e+02
3.7264e+02
4.1939e+02
3.8588e+02
3.3582e+02
3.6386e+02
3.6386e+02
3.3489e+02
3.6406e+02
3.5688e+02
3.5141e+02
3.8458e+02
3.9148e+02
3.6400e+02
3.6764e+02
3.5758e+02
3.2590e+02
3.9221e+02
3.8515e+02
3.7474e+02
3.3594e+02
3.5485e+02
3.7512e+02
3.4522e+02
3.3884e+02
3.6082e+02
3.6002e+02
3.8651e+02
3.4241e+02
3.7244e+02
3.7187e+02
3.7425e+02
3.6543e+02
3.4787e+02
3.5760e+02
2.9707e+02
3.8008e+02
3.9473e+02
3.5855e+02
3.4731e+02
3.4948e+02
3.5546e+02
3.4518e+02
3.5604e+02
3.0589e+02
3.1766e+02
3.5404e+02
3.5361e+02
3.6738e+02
3.4997e+02
3.4690e+02
3.7365e+02
3.2658e+02
3.0205e+02
3.4323e+02
3.5256e+02
3.5986e+02
3.6613e+02
3.5047e+02
3.0831e+02
3.5469e+02
3.3912e+02
3.4672e+02
3.1631e+02
3.4150e+02
3.2754e+02
3.4118e+02
3.3631e+02
3.0934e+02
3.5986e+02
3.8410e+02
3.7433e+02
3.7073e+02
3.3328e+02
3.7267e+02
3.7476e+02
3.5915e+02
3.7144e+02
3.8995e+02
3.5415e+02
3.5669e+02
3.7352e+02
3.0226e+02
3.1927e+02
3.1605e+02
3.3295e+02
3.4358e+02
3.4831e+02
2.9521e+02
3.6122e+02
3.4840e+02
3.2210e+02
3.4374e+02
3.1450e+02
2.8763e+02
3.3132e+02
3.0205e+02
3.1289e+02
3.3136e+02
3.1530e+02
3.0177e+02
3.3614e+02
3.1617e+02
3.4777e+02
3.4886e+02
3.3023e+02
3.2793e+02
3.1008e+02
3.3172e+02
3.3426e+02
3.2635e+02
3.5010e+02
3.2522e+02
3.3713e+02
3.4516e+02
3.3918e+02
3.4997e+02
3.3874e+02
2.9611e+02
3.3714e+02
3.5194e+02
3.5783e+02
3.2280e+02
3.6141e+02
3.3163e+02
3.3839e+02
3.2028e+02
3.0898e+02
3.0585e+02
2.8762e+02
2.9186e+02
3.5029e+02
3.3823e+02
3.5366e+02
3.3912e+02
2.8834e+02
3.2324e+02
3.4903e+02
2.9887e+02
3.2541e+02
3.3503e+02
3.2187e+02
3.1308e+02
3.1112e+02
2.9181e+02
2.8334e+02
3.2495e+02
2.9682e+02
3.1914e+02
3.3958e+02
