1.9696e+02
1.9357e+02
2.0666e+02
2.1652e+02
2.1226e+02
1.8753e+02
1.9897e+02
2.1590e+02
2.0592e+02
2.0146e+02
2.1471e+02
2.1269e+02
2.0179e+02
2.1706e+02
2.2353e+02
2.0697e+02
2.0980e+02
2.0548e+02
2.0556e+02
2.1972e+02
1.9215e+02
2.2185e+02
2.2013e+02
2.2501e+02
2.0393e+02
1.8857e+02
1.9962e+02
2.0941e+02
2.3072e+02
2.2402e+02
2.2269e+02
1.7997e+02
2.2733e+02
2.0493e+02
1.9429e+02
2.1382e+02
2.1754e+02
1.7903e+02
2.1350e+02
1.9488e+02
2.2015e+02
2.2174e+02
2.0490e+02
1.9272e+02
1.9753e+02
2.1287e+02
2.3264e+02
2.0400e+02
2.1879e+02
2.0732e+02
2.1164e+02
2.0759e+02
1.9355e+02
1.9574e+02
1.8583e+02
2.1854e+02
2.0239e+02
1.9722e+02
1.9229e+02
1.8662e+02
2.3474e+02
1.9584e+02
1.7706e+02
2.2786e+02
2.1777e+02
1.9396e+02
2.4282e+02
2.3253e+02
2.0308e+02
2.0252e+02
1.8990e+02
1.9006e+02
1.7187e+02
2.3280e+02
2.1361e+02
2.2407e+02
2.1652e+02
2.0936e+02
2.2065e+02
2.2706e+02
2.0566e+02
2.3335e+02
2.1093e+02
2.2616e+02
2.1616e+02
2.0895e+02
1.8391e+02
2.0362e+02
1.7477e+02
2.0604e+02
1.9048e+02
1.9952e+02
2.1558e+02
1.9686e+02
1.8600e+02
2.1764e+02
1.7967e+02
2.2082e+02
1.4042e+02
2.2316e+02
2.0953e+02
2.1862e+02
2.2364e+02
2.0849e+02
2.2602e+02
1.9941e+02
1.9517e+02
2.0710e+02
1.9991e+02
2.2789e+02
2.1320e+02
1.8571e+02
1.8828e+02
2.0824e+02
2.1275e+02
1.9742e+02
2.1290e+02
2.1495e+02
2.1274e+02
2.2214e+02
2.1551e+02
1.9013e+02
2.0060e+02
2.0697e+02
2.0044e+02
2.1817e+02
1.8830e+02
2.0779e+02
1.9371e+02
2.1835e+02
2.1411e+02
1.7262e+02
2.1818e+02
2.0857e+02
1.9490e+02
1.9356e+02
2.0232e+02
2.0001e+02
1.9779e+02
2.1793e+02
2.3112e+02
2.2078e+02
1.8654e+02
2.1479e+02
1.9793e+02
2.3205e+02
1.9234e+02
2.0684e+02
1.9370e+02
1.9841e+02
2.0991e+02
2.2726e+02
2.1162e+02
1.6442e+02
2.0365e+02
2.0831e+02
1.8869e+02
2.1756e+02
2.1387e+02
2.0961e+02
1.9680e+02
2.1175e+02
1.8902e+02
2.3645e+02
2.2244e+02
2.1418e+02
1.8708e+02
2.0830e+02
2.1402e+02
2.1717e+02
2.3712e+02
2.0503e+02
2.1839e+02
2.1718e+02
2.1085e+02
2.3030e+02
2.0767e+02
1.7378e+02
1.9839e+02
2.3916e+02
2.0337e+02
1.9723e+02
1.9871e+02
2.0422e+02
2.0957e+02
2.1879e+02
2.3149e+02
1.9644e+02
2.0625e+02
2.1928e+02
1.9309e+02
2.0700e+02
2.2893e+02
2.4084e+02
2.1799e+02
2.0852e+02
2.2352e+02
2.0838e+02
2.2146e+02
2.0589e+02
2.2457e+02
1.9996e+02
2.1089e+02
1.8378e+02
2.1350e+02
2.2449e+02
2.2096e+02
2.2258e+02
1.9299e+02
2.0536e+02
1.9405e+02
2.1259e+02
2.0956e+02
2.0546e+02
1.9992e+02
1.8824e+02
1.9772e+02
2.0078e+02
1.7942e+02
2.3449e+02
2.0558e+02
2.0142e+02
2.2349e+02
2.1075e+02
2.0591e+02
1.9175e+02
2.0812e+02
2.0536e+02
2.1571e+02
1.9505e+02
2.3194e+02
1.8039e+02
2.3552e+02
2.1861e+02
2.3011e+02
1.7846e+02
2.1058e+02
1.9000e+02
2.0748e+02
2.0916e+02
2.0017e+02
2.2566e+02
1.9293e+02
2.3024e+02
1.9492e+02
2.2302e+02
2.3130e+02
2.0770e+02
2.3276e+02
2.1428e+02
2.1364e+02
2.2437e+02
2.4638e+02
2.2348e+02
2.0452e+02
2.3579e+02
2.2879e+02
2.0411e+02
2.2177e+02
2.4287e+02
2.4044e+02
2.3496e+02
2.4228e+02
2.0896e+02
1.8484e+02
2.4120e+02
2.2848e+02
2.3253e+02
2.2566e+02
2.3642e+02
2.3255e+02
2.1209e+02
2.1464e+02
2.1799e+02
2.0447e+02
2.2430e+02
2.0689e+02
2.1810e+02
2.1781e+02
2.1063e+02
2.2634e+02
1.9648e+02
2.1972e+02
2.0604e+02
2.0289e+02
2.1525e+02
2.1466e+02
1.7679e+02
1.8042e+02
2.0060e+02
2.3422e+02
1.8918e+02
2.3398e+02
1.9401e+02
2.2088e+02
2.1866e+02
2.0582e+02
1.7602e+02
2.0288e+02
2.3673e+02
1.9075e+02
1.8742e+02
1.7536e+02
2.1108e+02
2.0330e+02
2.1225e+02
2.1528e+02
2.0197e+02
1.8257e+02
2.0753e+02
2.2998e+02
2.2270e+02
2.3308e+02
2.1803e+02
2.1635e+02
2.1315e+02
2.0795e+02
2.1611e+02
1.9255e+02
1.9925e+02
2.2006e+02
2.3253e+02
2.0365e+02
2.1700e+02
1.9223e+02
2.3021e+02
2.1034e+02
2.2051e+02
1.8982e+02
2.4117e+02
2.1285e+02
1.9371e+02
2.0851e+02
2.2701e+02
2.3210e+02
2.2451e+02
2.2602e+02
2.2036e+02
2.0857e+02
2.2499e+02
2.3004e+02
2.3666e+02
2.4428e+02
2.0796e+02
2.2264e+02
2.1189e+02
1.7321e+02
2.1279e+02
1.8747e+02
2.1186e+02
2.4483e+02
2.2739e+02
1.9037e+02
1.5846e+02
2.0882e+02
1.9944e+02
1.7591e+02
1.8456e+02
2.2340e+02
1.8441e+02
2.1521e+02
2.4083e+02
2.2603e+02
2.0255e+02
2.3442e+02
2.2364e+02
1.8688e+02
1.8732e+02
2.0180e+02
2.3410e+02
2.3322e+02
2.0556e+02
2.2364e+02
2.3088e+02
1.8370e+02
2.5467e+02
2.0826e+02
2.1034e+02
2.0957e+02
2.0539e+02
2.0716e+02
2.0899e+02
2.4896e+02
1.9457e+02
2.2287e+02
2.2665e+02
2.2507e+02
2.3260e+02
2.3628e+02
2.4203e+02
2.5326e+02
2.3877e+02
2.0964e+02
1.9841e+02
2.3225e+02
2.1669e+02
2.5921e+02
2.3616e+02
2.2292e+02
2.1701e+02
2.5006e+02
2.4632e+02
2.4868e+02
2.0280e+02
2.4025e+02
2.1960e+02
2.3949e+02
2.4472e+02
2.2734e+02
2.4107e+02
2.2874e+02
2.0269e+02
2.7893e+02
2.1230e+02
2.1914e+02
2.3161e+02
2.1018e+02
2.3720e+02
2.1755e+02
2.5297e+02
2.3838e+02
2.3377e+02
2.4332e+02
2.3334e+02
2.3265e+02
2.3941e+02
2.5241e+02
2.5118e+02
2.3284e+02
2.5164e+02
2.3382e+02
2.0550e+02
2.4992e+02
2.4713e+02
2.1672e+02
2.6159e+02
2.4795e+02
2.6397e+02
2.5544e+02
1.9652e+02
2.6164e+02
2.7620e+02
2.8009e+02
2.6398e+02
1.9455e+02
3.1028e+02
3.0625e+02
3.0728e+02
2.8815e+02
2.7554e+02
3.1164e+02
3.0700e+02
3.3774e+02
3.4246e+02
3.6404e+02
4.3630e+02
4.3412e+02
3.6043e+02
3.2824e+02
3.3509e+02
2.8847e+02
3.1145e+02
3.3207e+02
2.7618e+02
3.1193e+02
2.7766e+02
2.9736e+02
3.2123e+02
2.6379e+02
2.7266e+02
2.6484e+02
2.8923e+02
2.9812e+02
2.3215e+02
2.7426e+02
2.5402e+02
2.6687e+02
2.0169e+02
2.3030e+02
2.4510e+02
2.4738e+02
2.2436e+02
2.3028e+02
2.5738e+02
2.5427e+02
2.6234e+02
2.4871e+02
2.7539e+02
2.6902e+02
2.4421e+02
2.8332e+02
2.5309e+02
2.6774e+02
2.4766e+02
2.6231e+02
2.1468e+02
2.7788e+02
2.3615e+02
2.1525e+02
2.8573e+02
2.3067e+02
2.6647e+02
2.3082e+02
2.8180e+02
2.6553e+02
2.8531e+02
2.9677e+02
3.2985e+02
2.6088e+02
3.5541e+02
3.2041e+02
3.5855e+02
4.1794e+02
4.4276e+02
3.6855e+02
3.5677e+02
3.2904e+02
2.9690e+02
3.0033e+02
3.1810e+02
3.0416e+02
2.9177e+02
2.9373e+02
2.8536e+02
2.7536e+02
2.8746e+02
2.5110e+02
2.7311e+02
2.4608e+02
2.9055e+02
2.3991e+02
2.7483e+02
2.5522e+02
2.6743e+02
2.1301e+02
2.5482e+02
2.1785e+02
2.6285e+02
2.6562e+02
2.5696e+02
2.2509e+02
2.5221e+02
2.6018e+02
2.4401e+02
2.5519e+02
2.8104e+02
2.2801e+02
2.7929e+02
2.1497e+02
2.7338e+02
2.4247e+02
1.8213e+02
2.2403e+02
2.5969e+02
2.2152e+02
2.2823e+02
2.6514e+02
2.3300e+02
2.6152e+02
2.0758e+02
2.6487e+02
2.3400e+02
2.2267e+02
1.9702e+02
2.5689e+02
2.6537e+02
2.0956e+02
2.3730e+02
2.1876e+02
2.3888e+02
2.3949e+02
2.4130e+02
2.3621e+02
2.3849e+02
2.4857e+02
2.1537e+02
2.4176e+02
2.4011e+02
2.1570e+02
2.3000e+02
2.3067e+02
2.4792e+02
2.6809e+02
2.4531e+02
2.2321e+02
2.2968e+02
2.2721e+02
2.1090e+02
2.1267e+02
2.3566e+02
2.2327e+02
2.1643e+02
2.5084e+02
2.3295e+02
2.2718e+02
2.3752e+02
2.1911e+02
2.5908e+02
2.2764e+02
2.3023e+02
2.4216e+02
2.3561e+02
2.3458e+02
2.1694e+02
2.2601e+02
2.1696e+02
2.5069e+02
2.1071e+02
2.3419e+02
2.3701e+02
2.1871e+02
2.0430e+02
2.1137e+02
2.2341e+02
2.1740e+02
2.4724e+02
2.0885e+02
2.3062e+02
2.1633e+02
2.3549e+02
2.3560e+02
2.1210e+02
1.9011e+02
2.2428e+02
2.2483e+02
2.2435e+02
2.2841e+02
2.2324e+02
2.4380e+02
2.0943e+02
2.0385e+02
2.1356e+02
2.3367e+02
2.2836e+02
2.1058e+02
2.1884e+02
2.4424e+02
2.2329e+02
2.1655e+02
2.3247e+02
2.0370e+02
2.4504e+02
2.0032e+02
1.7847e+02
2.2849e+02
2.1623e+02
2.0772e+02
2.2642e+02
2.1217e+02
1.9977e+02
1.9201e+02
2.0094e+02
2.0607e+02
2.3946e+02
1.8330e+02
1.9693e+02
1.8833e+02
1.9216e+02
2.1706e+02
2.0019e+02
2.0776e+02
2.2731e+02
2.3050e+02
2.0490e+02
1.9798e+02
2.2122e+02
1.9542e+02
1.8123e+02
2.0925e+02
2.0521e+02
1.8220e+02
2.2126e+02
2.0867e+02
2.0831e+02
2.1861e+02
2.1342e+02
2.1531e+02
2.2823e+02
2.2229e+02
2.2735e+02
2.1748e+02
2.1415e+02
1.9061e+02
