1.7971e+02
2.0830e+02
1.8534e+02
1.8302e+02
1.6236e+02
1.9464e+02
1.8626e+02
1.7738e+02
1.7936e+02
1.9170e+02
1.8238e+02
1.9475e+02
1.8210e+02
1.6832e+02
1.6093e+02
1.8568e+02
1.7526e+02
1.5102e+02
1.7591e+02
1.8645e+02
1.8511e+02
1.9362e+02
1.6737e+02
1.5597e+02
1.6840e+02
1.7052e+02
1.9413e+02
1.4433e+02
1.8691e+02
1.9396e+02
1.7788e+02
1.7472e+02
1.3912e+02
1.6873e+02
1.9949e+02
2.0399e+02
1.7285e+02
1.9091e+02
1.7802e+02
1.5810e+02
1.7331e+02
1.8489e+02
1.8033e+02
1.6589e+02
1.7081e+02
1.8165e+02
1.8213e+02
1.8127e+02
1.8462e+02
1.8493e+02
2.0413e+02
2.0556e+02
1.9571e+02
1.8626e+02
1.7870e+02
1.7840e+02
1.9711e+02
1.9417e+02
1.6700e+02
1.7962e+02
1.7986e+02
1.7645e+02
1.9290e+02
1.7440e+02
1.8642e+02
1.6286e+02
1.8280e+02
1.5573e+02
1.5856e+02
1.3736e+02
1.6986e+02
1.8746e+02
1.8073e+02
1.9406e+02
1.8016e+02
2.0071e+02
1.7954e+02
1.8347e+02
1.7155e+02
1.4828e+02
1.6865e+02
1.5924e+02
1.5980e+02
1.7027e+02
1.8286e+02
1.7547e+02
2.0041e+02
1.7764e+02
1.5901e+02
2.0448e+02
2.0063e+02
1.9620e+02
1.6429e+02
2.0233e+02
2.0103e+02
1.7964e+02
1.7641e+02
1.8972e+02
1.5606e+02
1.9448e+02
1.8443e+02
1.5747e+02
1.8030e+02
1.8061e+02
1.7072e+02
1.8917e+02
1.8512e+02
1.9158e+02
1.5919e+02
1.7044e+02
1.6190e+02
1.7748e+02
1.9908e+02
2.0347e+02
1.7205e+02
1.9097e+02
1.8139e+02
1.7102e+02
1.9002e+02
1.8179e+02
1.8427e+02
1.8460e+02
1.7445e+02
1.5610e+02
1.6787e+02
1.6864e+02
1.7950e+02
1.7624e+02
1.8801e+02
1.9883e+02
1.8819e+02
1.7352e+02
1.5385e+02
1.7576e+02
1.8068e+02
1.7709e+02
1.7795e+02
1.6090e+02
1.9349e+02
1.7656e+02
1.8984e+02
1.8589e+02
1.9265e+02
1.8815e+02
1.7646e+02
1.7980e+02
1.8015e+02
1.5647e+02
1.5849e+02
1.7863e+02
2.0087e+02
1.8577e+02
2.0243e+02
1.9347e+02
1.8968e+02
1.6639e+02
1.6280e+02
1.8096e+02
1.6672e+02
1.8275e+02
1.8702e+02
1.8349e+02
1.7097e+02
1.8352e+02
1.7727e+02
1.7785e+02
1.4989e+02
1.5061e+02
1.7379e+02
1.9144e+02
1.6155e+02
1.8533e+02
1.8862e+02
1.6379e+02
1.7112e+02
1.8524e+02
1.8403e+02
1.8655e+02
1.9434e+02
2.0610e+02
1.7847e+02
1.9509e+02
1.7346e+02
1.8944e+02
1.7628e+02
1.8117e+02
1.7118e+02
1.6240e+02
1.8903e+02
1.7006e+02
1.7748e+02
1.8660e+02
1.8494e+02
1.6082e+02
1.6983e+02
1.9390e+02
2.0124e+02
1.7975e+02
2.1815e+02
2.3982e+02
2.1292e+02
1.9158e+02
1.9034e+02
1.5954e+02
1.9576e+02
1.9898e+02
1.8667e+02
1.9898e+02
1.7763e+02
1.7897e+02
2.0066e+02
1.6290e+02
1.9031e+02
1.9807e+02
1.7260e+02
1.7194e+02
1.9296e+02
1.8283e+02
1.8517e+02
1.6210e+02
1.5627e+02
1.7593e+02
2.1336e+02
1.9509e+02
2.0021e+02
1.8880e+02
1.8656e+02
2.1206e+02
1.8526e+02
1.6268e+02
1.6750e+02
1.8901e+02
1.8954e+02
1.8111e+02
1.8617e+02
1.6963e+02
1.8633e+02
1.9247e+02
1.8603e+02
1.8860e+02
1.4605e+02
1.5855e+02
1.8363e+02
1.6322e+02
1.7736e+02
1.7127e+02
1.6595e+02
1.9321e+02
1.9408e+02
1.8554e+02
1.9063e+02
1.6223e+02
1.6397e+02
1.7550e+02
1.9016e+02
1.8805e+02
1.6727e+02
1.8724e+02
1.9747e+02
1.9119e+02
2.0267e+02
2.0650e+02
1.8400e+02
1.5747e+02
1.6699e+02
1.7271e+02
1.6831e+02
1.7725e+02
1.7758e+02
1.7869e+02
1.7110e+02
1.9502e+02
1.8661e+02
1.9094e+02
1.9521e+02
1.9946e+02
2.1280e+02
2.0932e+02
1.9501e+02
1.7732e+02
2.0249e+02
2.1438e+02
2.1073e+02
2.0184e+02
1.6727e+02
1.8553e+02
1.9396e+02
1.9825e+02
1.9989e+02
1.9233e+02
1.6832e+02
1.7571e+02
1.9409e+02
2.2296e+02
2.0232e+02
1.9692e+02
1.7819e+02
2.0068e+02
2.2009e+02
2.1604e+02
2.0588e+02
2.2259e+02
2.2326e+02
2.3339e+02
2.4522e+02
2.3704e+02
1.9692e+02
2.3725e+02
2.2424e+02
2.2120e+02
2.2151e+02
2.5383e+02
2.3109e+02
2.2299e+02
2.4301e+02
2.3812e+02
2.4653e+02
2.3879e+02
1.9629e+02
2.2867e+02
1.9684e+02
2.2743e+02
2.3567e+02
1.8423e+02
2.1082e+02
2.3484e+02
2.2687e+02
2.1666e+02
2.3228e+02
2.2155e+02
1.9186e+02
2.3061e+02
2.1998e+02
2.3625e+02
2.4421e+02
2.3848e+02
2.3502e+02
2.1779e+02
2.5937e+02
2.4928e+02
2.0942e+02
1.9959e+02
2.2660e+02
2.4535e+02
2.3090e+02
2.2816e+02
2.2793e+02
2.4674e+02
2.2542e+02
2.0455e+02
2.0721e+02
2.2804e+02
2.2075e+02
2.2275e+02
2.3493e+02
2.1098e+02
2.2255e+02
2.0478e+02
2.1194e+02
1.9218e+02
2.0564e+02
2.0865e+02
1.8455e+02
1.7711e+02
1.7478e+02
1.9747e+02
1.6050e+02
2.1851e+02
2.1211e+02
2.1614e+02
1.9467e+02
1.7661e+02
1.9719e+02
1.9184e+02
1.9943e+02
1.7829e+02
1.9726e+02
2.1666e+02
1.9750e+02
1.8921e+02
1.8591e+02
2.1210e+02
2.2826e+02
3.1087e+02
3.4010e+02
2.6074e+02
2.0882e+02
1.7399e+02
1.8105e+02
2.1132e+02
2.3504e+02
2.1762e+02
2.0671e+02
2.1587e+02
1.8955e+02
1.9543e+02
1.8950e+02
2.1349e+02
2.2945e+02
1.9112e+02
2.3255e+02
2.1833e+02
2.2646e+02
2.0509e+02
2.0638e+02
2.3186e+02
2.1031e+02
2.2905e+02
2.3587e+02
2.3037e+02
2.5465e+02
2.4719e+02
2.1317e+02
2.4287e+02
2.5864e+02
2.6701e+02
2.4329e+02
2.2350e+02
2.4098e+02
2.4358e+02
2.6406e+02
2.7166e+02
2.5376e+02
2.2889e+02
2.1514e+02
2.4789e+02
2.6876e+02
2.6972e+02
2.7387e+02
2.5663e+02
2.4545e+02
2.3386e+02
2.2977e+02
2.6771e+02
2.5510e+02
2.9301e+02
2.4892e+02
2.6966e+02
2.5106e+02
2.8915e+02
2.6836e+02
2.3013e+02
2.3188e+02
2.4784e+02
2.5240e+02
2.5825e+02
2.5929e+02
2.5523e+02
2.0965e+02
2.5126e+02
2.4403e+02
2.4486e+02
2.3286e+02
2.3570e+02
2.2622e+02
2.2477e+02
2.2122e+02
2.4344e+02
2.4456e+02
2.3255e+02
2.2173e+02
2.2308e+02
2.1729e+02
2.3855e+02
2.5267e+02
2.1624e+02
2.2796e+02
2.4268e+02
2.0643e+02
2.1167e+02
1.9226e+02
2.2370e+02
2.2474e+02
2.4440e+02
2.2707e+02
2.1066e+02
1.9963e+02
2.0317e+02
1.9869e+02
1.9913e+02
1.9891e+02
1.8009e+02
2.2905e+02
2.1649e+02
2.0456e+02
2.4348e+02
2.3746e+02
2.0308e+02
2.0344e+02
1.9560e+02
2.0197e+02
2.0693e+02
1.8191e+02
1.8083e+02
1.6417e+02
1.8804e+02
2.0190e+02
1.8921e+02
1.6841e+02
2.0787e+02
1.8108e+02
2.2424e+02
1.9850e+02
2.0898e+02
1.8093e+02
2.0023e+02
2.0174e+02
1.6747e+02
1.9743e+02
1.8919e+02
1.7767e+02
1.8162e+02
2.1847e+02
2.0801e+02
2.0575e+02
2.2941e+02
2.0103e+02
2.0601e+02
2.0211e+02
1.9519e+02
2.2384e+02
2.2523e+02
2.0993e+02
2.0779e+02
2.0419e+02
2.2191e+02
2.2190e+02
2.0825e+02
1.8407e+02
2.1770e+02
1.9004e+02
2.1494e+02
1.9490e+02
2.2712e+02
2.4709e+02
2.3160e+02
2.4321e+02
2.6173e+02
2.3315e+02
2.2600e+02
2.3826e+02
2.4688e+02
2.0450e+02
2.3925e+02
2.1562e+02
2.0953e+02
2.0837e+02
2.2986e+02
2.2812e+02
2.0560e+02
2.1113e+02
2.4354e+02
2.3583e+02
2.1294e+02
2.0391e+02
2.0699e+02
2.4493e+02
2.2485e+02
2.1906e+02
1.9176e+02
2.3605e+02
2.5445e+02
2.2724e+02
2.3912e+02
2.1213e+02
2.0813e+02
1.9244e+02
2.2499e+02
1.9451e+02
2.1568e+02
2.0613e+02
2.2393e+02
2.3240e+02
2.1116e+02
2.0527e+02
2.0843e+02
1.7785e+02
1.9160e+02
1.9961e+02
2.0649e+02
2.0841e+02
1.5277e+02
1.5903e+02
2.0311e+02
1.9302e+02
1.8541e+02
1.6631e+02
1.9155e+02
1.7295e+02
2.0383e+02
2.0377e+02
1.9025e+02
1.9499e+02
1.8538e+02
1.8087e+02
1.8722e+02
1.8942e+02
1.8104e+02
1.7046e+02
1.8884e+02
1.7125e+02
2.0328e+02
1.8138e+02
1.8076e+02
1.7297e+02
1.7793e+02
1.7940e+02
1.5887e+02
1.9050e+02
1.9551e+02
1.7543e+02
1.8045e+02
1.7210e+02
1.8260e+02
2.0302e+02
1.7654e+02
1.8678e+02
1.7771e+02
1.7827e+02
2.0672e+02
1.6449e+02
1.6477e+02
1.7102e+02
1.8917e+02
1.7592e+02
1.5591e+02
1.7378e+02
1.9666e+02
1.7208e+02
1.8448e+02
1.8308e+02
1.4743e+02
1.6384e+02
1.8979e+02
2.0376e+02
1.8415e+02
1.7493e+02
1.8136e+02
1.8805e+02
1.8767e+02
1.8633e+02
1.8371e+02
1.9920e+02
1.9099e+02
1.6947e+02
1.6531e+02
1.7040e+02
1.8809e+02
1.9009e+02
1.8460e+02
2.0418e+02
1.5692e+02
1.8663e+02
1.7382e+02
1.5776e+02
1.8299e+02
1.9976e+02
1.5800e+02
1.8368e+02
1.8852e+02
1.7336e+02
1.6592e+02
1.8298e+02
2.0137e+02
1.8171e+02
1.9694e+02
1.8173e+02
1.7924e+02
1.8866e+02
1.8324e+02
1.5672e+02
1.8046e+02
1.6825e+02
1.6769e+02
1.8586e+02
1.7723e+02
1.8313e+02
1.7804e+02
1.7374e+02
1.6512e+02
1.9370e+02
1.8172e+02
1.7761e+02
1.9748e+02
1.9022e+02
1.8997e+02
1.6465e+02
1.8437e+02
1.6496e+02
1.7625e+02
1.8100e+02
1.6641e+02
1.6324e+02
1.8975e+02
1.6455e+02
1.8333e+02
2.0747e+02
1.9264e+02
1.7080e+02
1.8276e+02
1.8918e+02
1.9468e+02
1.8182e+02
1.8013e+02
1.8016e+02
1.7762e+02
1.6913e+02
1.8136e+02
1.8111e+02
1.6381e+02
1.6900e+02
1.6807e+02
1.7979e+02
1.5954e+02
1.9546e+02
1.8919e+02
1.9300e+02
1.6289e+02
1.8913e+02
1.8463e+02
1.6441e+02
1.6810e+02
1.9741e+02
1.7031e+02
1.7600e+02
1.8709e+02
1.8512e+02
1.6925e+02
1.9251e+02
1.5584e+02
1.6808e+02
1.4755e+02
1.7900e+02
1.8260e+02
1.8826e+02
1.8120e+02
1.7215e+02
1.8609e+02
1.4573e+02
1.8595e+02
1.9188e+02
1.7950e+02
2.0496e+02
1.8322e+02
1.8462e+02
1.8565e+02
1.6797e+02
1.6322e+02
1.8512e+02
1.9338e+02
1.9201e+02
1.7398e+02
1.8879e+02
1.6528e+02
1.6702e+02
1.7769e+02
1.6615e+02
1.8254e+02
1.8331e+02
1.7001e+02
1.8083e+02
1.8245e+02
1.6276e+02
1.3887e+02
1.8633e+02
1.8080e+02
1.5737e+02
1.7427e+02
1.6844e+02
2.0227e+02
1.7303e+02
1.9196e+02
1.9707e+02
1.8679e+02
1.9213e+02
1.9089e+02
1.7975e+02
1.4201e+02
1.6149e+02
1.7417e+02
1.8864e+02
1.8434e+02
1.7723e+02
1.6642e+02
1.8221e+02
1.8184e+02
1.8509e+02
1.7240e+02
1.8340e+02
2.0880e+02
1.9113e+02
1.7339e+02
1.7084e+02
1.2385e+02
1.5868e+02
1.7214e+02
1.7578e+02
1.8348e+02
1.4085e+02
1.6767e+02
1.9877e+02
1.8885e+02
1.7903e+02
1.6831e+02
1.8363e+02
1.9176e+02
1.7121e+02
1.5729e+02
1.7129e+02
1.9283e+02
1.8950e+02
2.0625e+02
2.0754e+02
1.8846e+02
1.9608e+02
1.9307e+02
1.9572e+02
1.7518e+02
1.6518e+02
1.9067e+02
1.8923e+02
1.7944e+02
1.8381e+02
1.8695e+02
2.1210e+02
2.0587e+02
1.7582e+02
1.8618e+02
1.8740e+02
1.6738e+02
1.5599e+02
1.8172e+02
1.8359e+02
1.8864e+02
1.8578e+02
1.8310e+02
1.5857e+02
1.7635e+02
2.0203e+02
1.6710e+02
1.6767e+02
1.5406e+02
1.8385e+02
1.6325e+02
1.6655e+02
1.8236e+02
1.7284e+02
1.6393e+02
1.6741e+02
1.5051e+02
1.6729e+02
1.7458e+02
1.7225e+02
1.6650e+02
1.8892e+02
1.7347e+02
1.7812e+02
1.8591e+02
1.6256e+02
1.6215e+02
2.0191e+02
1.9507e+02
1.7411e+02
1.6213e+02
1.8900e+02
