1.8655e+02
1.8565e+02
1.9421e+02
1.8176e+02
1.7025e+02
1.9917e+02
1.7807e+02
1.6442e+02
1.7230e+02
1.8908e+02
1.8274e+02
1.8187e+02
1.8302e+02
1.3164e+02
1.7099e+02
1.8194e+02
1.6708e+02
1.5380e+02
1.7211e+02
1.8281e+02
1.7848e+02
1.8786e+02
1.6501e+02
1.6275e+02
1.7128e+02
1.6930e+02
1.8536e+02
1.6141e+02
2.0031e+02
2.0574e+02
1.8233e+02
1.7899e+02
1.4547e+02
1.7428e+02
1.9687e+02
1.9576e+02
1.6318e+02
1.9468e+02
1.7688e+02
1.6865e+02
1.8010e+02
1.8508e+02
1.9016e+02
1.5682e+02
1.7358e+02
1.8384e+02
1.8374e+02
1.7637e+02
1.7510e+02
1.8418e+02
1.8608e+02
1.9946e+02
2.0271e+02
1.9904e+02
1.6471e+02
1.6955e+02
1.8734e+02
1.9199e+02
1.6024e+02
1.7757e+02
1.8974e+02
1.7509e+02
1.8178e+02
1.3761e+02
1.7629e+02
1.7519e+02
1.6510e+02
1.6687e+02
1.7222e+02
1.4299e+02
1.5514e+02
1.7454e+02
1.6393e+02
1.8181e+02
1.9143e+02
1.9590e+02
1.7266e+02
1.6102e+02
1.6173e+02
1.7249e+02
1.9779e+02
1.7026e+02
1.5672e+02
1.6982e+02
1.7526e+02
1.7494e+02
1.9237e+02
1.8240e+02
1.5752e+02
2.0109e+02
2.0434e+02
1.7653e+02
1.8183e+02
2.0555e+02
2.1212e+02
1.8625e+02
1.8450e+02
1.7431e+02
1.7777e+02
1.9739e+02
1.8832e+02
1.7792e+02
1.7434e+02
1.8718e+02
1.7844e+02
1.6520e+02
1.7134e+02
1.6690e+02
1.6301e+02
1.9188e+02
1.7486e+02
1.6673e+02
1.8612e+02
1.9386e+02
1.7049e+02
1.7539e+02
1.6102e+02
1.8717e+02
1.8780e+02
1.7868e+02
1.7452e+02
1.7805e+02
1.8271e+02
1.6800e+02
1.7556e+02
1.4287e+02
1.8247e+02
1.7299e+02
1.5739e+02
1.9346e+02
1.8800e+02
1.7214e+02
1.4978e+02
1.6881e+02
1.5106e+02
1.9155e+02
1.5838e+02
1.8094e+02
2.0075e+02
1.6180e+02
2.0372e+02
1.9090e+02
1.8285e+02
1.8663e+02
1.8478e+02
1.9300e+02
1.7629e+02
1.5465e+02
1.6726e+02
1.8728e+02
2.1131e+02
1.9712e+02
1.9195e+02
1.9551e+02
1.9508e+02
1.8490e+02
1.6398e+02
2.0009e+02
1.6999e+02
1.8023e+02
1.6836e+02
1.8490e+02
1.5641e+02
1.7923e+02
1.7665e+02
1.7560e+02
1.7619e+02
1.5211e+02
1.6339e+02
1.9000e+02
1.6315e+02
1.8700e+02
1.9161e+02
1.6688e+02
1.7793e+02
1.8815e+02
1.7185e+02
1.7231e+02
1.9502e+02
2.1556e+02
1.7477e+02
1.8048e+02
1.7787e+02
1.9098e+02
1.9173e+02
1.9019e+02
1.7874e+02
1.4829e+02
1.8310e+02
1.6686e+02
1.7617e+02
1.8565e+02
1.8980e+02
1.7126e+02
1.7238e+02
1.9744e+02
1.9136e+02
1.8893e+02
2.1069e+02
2.2451e+02
1.9691e+02
2.0267e+02
1.9829e+02
1.6985e+02
1.7731e+02
1.8996e+02
1.9715e+02
1.9207e+02
1.8237e+02
1.6245e+02
1.9537e+02
1.6470e+02
1.8375e+02
1.8251e+02
1.7527e+02
1.8095e+02
1.8798e+02
1.8417e+02
2.0171e+02
1.8246e+02
1.6741e+02
1.6442e+02
1.9796e+02
1.8470e+02
1.8765e+02
1.9503e+02
1.8856e+02
2.0155e+02
1.7636e+02
1.8436e+02
1.6888e+02
1.9524e+02
1.8847e+02
1.8221e+02
1.9060e+02
1.7791e+02
1.8305e+02
1.8354e+02
2.0624e+02
2.1398e+02
1.6252e+02
1.7896e+02
1.7595e+02
1.8099e+02
1.7841e+02
1.7637e+02
1.6159e+02
1.9479e+02
1.6291e+02
1.7302e+02
1.9418e+02
1.6485e+02
1.5355e+02
1.7839e+02
1.9515e+02
1.8205e+02
1.8837e+02
1.9473e+02
1.9671e+02
1.8224e+02
2.0816e+02
1.8850e+02
1.7388e+02
1.5767e+02
1.6087e+02
1.8157e+02
1.8093e+02
2.0060e+02
1.8493e+02
1.6926e+02
1.8698e+02
1.9432e+02
1.9628e+02
2.0024e+02
2.0522e+02
2.0592e+02
1.9927e+02
2.0027e+02
1.9680e+02
1.7449e+02
1.9025e+02
2.0411e+02
1.9307e+02
2.0233e+02
1.7340e+02
1.6605e+02
1.7596e+02
1.9250e+02
2.0850e+02
1.9266e+02
1.7302e+02
1.7419e+02
2.1013e+02
2.2227e+02
1.8004e+02
2.0856e+02
1.8302e+02
1.9907e+02
2.1491e+02
2.2073e+02
2.0379e+02
2.1075e+02
2.0982e+02
2.3495e+02
2.4604e+02
2.4078e+02
2.2560e+02
2.5396e+02
2.2329e+02
2.1854e+02
2.3427e+02
2.6670e+02
2.3597e+02
2.1660e+02
2.2925e+02
2.3913e+02
2.4463e+02
2.4775e+02
2.2275e+02
2.1067e+02
1.8930e+02
2.2917e+02
2.4256e+02
1.7292e+02
2.2333e+02
2.1675e+02
2.0966e+02
2.1344e+02
2.5008e+02
2.3821e+02
2.0771e+02
2.4052e+02
2.3831e+02
2.5681e+02
2.3477e+02
2.2962e+02
2.3307e+02
2.0231e+02
2.5728e+02
2.3460e+02
2.3356e+02
2.1706e+02
2.3188e+02
2.4147e+02
2.2538e+02
2.1500e+02
2.0130e+02
2.3176e+02
2.2910e+02
2.0405e+02
2.1362e+02
2.2561e+02
2.2032e+02
1.9959e+02
2.2065e+02
2.0577e+02
2.2161e+02
2.0976e+02
2.3462e+02
2.1145e+02
1.9260e+02
2.0477e+02
2.1016e+02
1.7985e+02
1.7610e+02
1.9970e+02
1.9402e+02
2.0448e+02
2.0504e+02
2.2617e+02
2.0053e+02
2.1078e+02
1.9665e+02
1.9115e+02
2.1467e+02
1.8839e+02
1.9542e+02
2.2281e+02
2.1052e+02
2.0636e+02
1.7783e+02
2.1107e+02
2.2627e+02
2.7757e+02
3.1091e+02
2.4397e+02
1.7354e+02
1.9673e+02
1.9327e+02
1.9673e+02
2.1703e+02
2.0374e+02
2.0370e+02
2.1937e+02
2.2300e+02
2.0635e+02
1.7151e+02
2.1402e+02
2.4103e+02
1.9209e+02
2.3700e+02
2.3573e+02
2.2268e+02
2.0711e+02
2.1322e+02
2.3410e+02
2.2572e+02
2.2588e+02
2.2726e+02
2.1613e+02
2.4526e+02
2.2230e+02
2.2576e+02
2.2809e+02
2.2819e+02
2.4755e+02
2.5043e+02
2.3872e+02
2.2700e+02
2.3183e+02
2.5107e+02
2.7594e+02
2.5456e+02
2.4724e+02
2.2561e+02
2.1206e+02
2.5663e+02
2.6336e+02
2.6684e+02
2.4640e+02
2.4897e+02
2.3155e+02
2.7789e+02
2.8539e+02
2.4862e+02
2.8599e+02
2.7043e+02
2.5133e+02
2.6172e+02
2.8500e+02
2.6067e+02
2.2381e+02
2.4694e+02
2.3410e+02
2.5091e+02
2.4976e+02
2.5937e+02
2.5815e+02
2.0354e+02
2.4421e+02
2.3646e+02
2.5201e+02
2.3172e+02
2.3592e+02
2.2169e+02
2.2516e+02
2.3539e+02
2.5457e+02
2.4739e+02
2.2227e+02
2.1761e+02
2.1919e+02
2.2070e+02
2.4055e+02
2.4913e+02
2.2405e+02
2.3038e+02
2.4923e+02
2.3859e+02
2.2502e+02
2.0341e+02
2.1337e+02
2.2015e+02
2.4859e+02
2.2557e+02
2.2594e+02
1.9306e+02
1.8657e+02
2.0520e+02
2.0225e+02
2.1164e+02
1.9341e+02
2.1381e+02
2.1606e+02
1.8260e+02
2.5053e+02
2.4218e+02
1.9296e+02
2.0412e+02
1.7376e+02
2.1606e+02
2.2050e+02
1.7948e+02
1.9708e+02
1.8738e+02
1.9627e+02
2.0328e+02
1.9042e+02
1.5534e+02
2.0237e+02
1.7012e+02
2.1491e+02
2.0497e+02
1.9192e+02
1.7097e+02
1.8799e+02
2.0083e+02
1.7237e+02
1.9852e+02
1.9345e+02
2.0854e+02
1.9388e+02
2.0372e+02
2.0159e+02
2.0072e+02
2.2307e+02
2.0729e+02
1.9549e+02
2.0304e+02
1.9864e+02
2.0485e+02
2.2923e+02
2.0426e+02
1.9145e+02
2.0429e+02
2.2428e+02
2.1906e+02
1.9900e+02
1.9271e+02
2.1335e+02
2.0331e+02
2.2204e+02
1.7253e+02
2.1881e+02
2.3281e+02
2.2599e+02
2.3297e+02
2.5451e+02
2.2670e+02
2.1289e+02
2.3350e+02
2.5043e+02
1.7096e+02
2.2213e+02
2.3260e+02
2.0656e+02
1.9929e+02
2.3327e+02
2.3057e+02
2.1752e+02
2.2289e+02
2.2567e+02
2.3512e+02
2.0978e+02
2.2850e+02
1.9340e+02
2.3860e+02
2.0537e+02
2.1964e+02
1.8985e+02
2.3632e+02
2.4159e+02
2.0162e+02
2.4179e+02
2.1936e+02
2.0400e+02
1.9106e+02
2.1905e+02
2.2455e+02
2.1833e+02
2.1034e+02
2.1024e+02
2.2812e+02
1.9977e+02
1.9753e+02
1.9978e+02
1.8585e+02
1.8316e+02
1.7926e+02
2.0796e+02
1.8333e+02
1.7400e+02
2.0205e+02
2.0242e+02
1.9110e+02
1.8016e+02
1.6646e+02
1.7685e+02
1.6932e+02
2.0178e+02
1.9945e+02
1.9935e+02
1.9061e+02
1.7412e+02
1.8337e+02
1.8652e+02
1.9003e+02
1.8518e+02
1.5882e+02
1.8900e+02
1.8629e+02
2.0630e+02
1.7790e+02
1.6997e+02
1.8082e+02
1.7282e+02
1.6643e+02
1.6829e+02
1.8301e+02
1.9784e+02
1.5974e+02
1.8719e+02
1.7962e+02
1.9768e+02
2.0106e+02
1.8139e+02
1.7749e+02
1.6971e+02
1.6607e+02
1.8791e+02
1.6459e+02
1.8615e+02
1.9871e+02
1.9547e+02
2.0390e+02
1.5355e+02
1.7808e+02
1.9133e+02
1.5892e+02
1.9829e+02
1.7270e+02
1.6958e+02
1.9681e+02
1.8260e+02
2.0767e+02
1.8947e+02
1.9149e+02
1.8307e+02
1.8201e+02
1.8595e+02
2.0185e+02
1.9524e+02
1.8952e+02
1.9678e+02
1.8309e+02
1.6358e+02
1.8133e+02
1.9688e+02
2.1271e+02
1.7449e+02
2.0848e+02
1.6259e+02
1.9114e+02
1.7031e+02
1.6669e+02
1.8948e+02
1.9900e+02
1.5618e+02
1.7663e+02
1.8545e+02
1.7847e+02
1.7162e+02
1.8828e+02
2.0621e+02
1.7615e+02
1.9208e+02
1.5409e+02
1.8123e+02
1.8925e+02
1.7261e+02
1.6808e+02
1.7567e+02
1.7241e+02
1.6481e+02
1.7833e+02
1.6992e+02
1.6720e+02
1.8700e+02
1.8311e+02
1.7722e+02
1.8235e+02
1.7105e+02
1.8181e+02
1.9580e+02
1.8871e+02
1.7919e+02
1.6091e+02
1.8464e+02
1.6711e+02
1.7718e+02
1.9949e+02
1.6661e+02
1.6343e+02
1.8150e+02
1.6388e+02
1.7441e+02
2.0689e+02
1.9982e+02
1.7359e+02
1.8338e+02
1.9142e+02
1.8178e+02
1.8934e+02
1.6778e+02
1.7834e+02
2.0214e+02
1.8072e+02
1.8583e+02
1.8554e+02
1.6559e+02
1.7548e+02
1.7870e+02
1.8169e+02
1.6798e+02
1.9058e+02
1.9091e+02
1.9228e+02
1.6575e+02
1.8759e+02
1.9051e+02
1.7169e+02
1.7943e+02
1.8091e+02
1.6455e+02
1.8740e+02
2.0478e+02
1.8187e+02
1.7886e+02
1.9981e+02
1.5803e+02
1.8789e+02
1.6540e+02
1.7064e+02
1.7892e+02
1.7170e+02
1.7081e+02
1.7080e+02
1.7587e+02
1.6440e+02
1.8483e+02
1.8219e+02
1.7384e+02
1.9050e+02
1.7368e+02
1.9159e+02
1.8780e+02
1.7050e+02
1.7763e+02
1.8200e+02
1.8398e+02
1.8563e+02
1.8981e+02
2.0632e+02
1.7163e+02
1.6589e+02
1.9306e+02
1.6080e+02
1.8378e+02
1.9292e+02
1.8935e+02
1.8933e+02
1.7667e+02
1.6334e+02
1.5917e+02
1.8306e+02
1.7847e+02
1.6354e+02
1.7085e+02
1.7195e+02
1.9575e+02
1.7505e+02
2.0155e+02
1.8278e+02
1.8702e+02
1.7510e+02
1.9586e+02
1.9404e+02
1.5927e+02
1.7908e+02
1.8532e+02
1.9761e+02
1.7528e+02
1.8005e+02
1.7150e+02
1.7203e+02
1.7553e+02
1.7887e+02
1.6332e+02
1.8138e+02
1.9694e+02
1.8238e+02
1.5363e+02
1.8548e+02
1.5840e+02
1.6226e+02
1.7690e+02
1.7942e+02
1.6123e+02
1.5790e+02
1.8280e+02
1.8654e+02
1.6368e+02
1.6920e+02
1.7225e+02
1.5395e+02
1.8373e+02
1.7680e+02
1.6746e+02
1.7493e+02
1.9737e+02
2.0104e+02
1.9454e+02
1.9428e+02
1.9813e+02
2.0895e+02
1.8319e+02
1.9338e+02
1.7907e+02
1.8787e+02
1.8922e+02
1.8248e+02
1.9083e+02
1.9264e+02
1.7341e+02
1.9555e+02
1.9515e+02
1.5872e+02
1.8017e+02
1.6383e+02
1.7048e+02
1.8042e+02
1.8203e+02
1.8481e+02
1.9278e+02
1.8349e+02
1.7758e+02
1.5858e+02
1.8708e+02
1.8611e+02
1.5603e+02
1.5460e+02
1.6511e+02
1.7041e+02
1.7570e+02
1.8132e+02
1.9581e+02
1.9458e+02
1.6815e+02
1.6509e+02
1.4615e+02
1.8793e+02
1.6969e+02
1.6662e+02
1.4109e+02
1.8999e+02
1.7706e+02
1.7846e+02
1.7668e+02
1.6577e+02
1.6123e+02
1.9887e+02
2.0076e+02
1.8362e+02
1.6843e+02
1.7017e+02
