1.8309e+02
2.0073e+02
1.8205e+02
1.8245e+02
1.9228e+02
1.6383e+02
1.8713e+02
1.5947e+02
1.8109e+02
1.8615e+02
1.8876e+02
1.8533e+02
1.6607e+02
1.7740e+02
1.7660e+02
1.8271e+02
1.8061e+02
2.0051e+02
1.9484e+02
1.6225e+02
1.7143e+02
1.6516e+02
1.7568e+02
1.7511e+02
1.5290e+02
1.8962e+02
1.9389e+02
1.9661e+02
1.8326e+02
1.5454e+02
1.6401e+02
1.8613e+02
1.9166e+02
1.9113e+02
1.5985e+02
1.8692e+02
1.8762e+02
1.8152e+02
1.9539e+02
1.9521e+02
1.8786e+02
1.7091e+02
1.6408e+02
1.7818e+02
1.6296e+02
1.3927e+02
1.8544e+02
1.7897e+02
1.7139e+02
1.9349e+02
1.6880e+02
1.9955e+02
2.0727e+02
2.0042e+02
1.8013e+02
1.5216e+02
1.8151e+02
1.8677e+02
2.0788e+02
1.8859e+02
1.9373e+02
1.9118e+02
1.8897e+02
2.0096e+02
1.9228e+02
1.9273e+02
1.9192e+02
1.7812e+02
1.8130e+02
2.0605e+02
1.8559e+02
1.7096e+02
1.9106e+02
1.9552e+02
1.7995e+02
1.6933e+02
1.8800e+02
1.7599e+02
1.6838e+02
1.8009e+02
1.5569e+02
1.8139e+02
1.9110e+02
1.7261e+02
1.6971e+02
1.7564e+02
1.9656e+02
1.8959e+02
1.8930e+02
1.9384e+02
1.9067e+02
2.1178e+02
2.0100e+02
1.9875e+02
1.8484e+02
1.5416e+02
1.7852e+02
2.0527e+02
2.0300e+02
1.6025e+02
1.9179e+02
1.9985e+02
1.8017e+02
1.9342e+02
1.8878e+02
1.9059e+02
1.8503e+02
1.9161e+02
1.9136e+02
1.7656e+02
1.7219e+02
1.6784e+02
1.8848e+02
1.8901e+02
1.9157e+02
1.9808e+02
1.8499e+02
1.8619e+02
1.9462e+02
1.9737e+02
1.7868e+02
1.9100e+02
1.7058e+02
1.7120e+02
1.9278e+02
1.8274e+02
1.9918e+02
1.8422e+02
1.5917e+02
1.6886e+02
1.6705e+02
1.9788e+02
1.7163e+02
1.7404e+02
1.8195e+02
1.6425e+02
1.4620e+02
1.5846e+02
1.8836e+02
1.5419e+02
1.9382e+02
1.7288e+02
1.8683e+02
1.7801e+02
1.7897e+02
1.9917e+02
2.0294e+02
1.7763e+02
1.8471e+02
2.0302e+02
1.8438e+02
1.6071e+02
1.6998e+02
1.8254e+02
1.9458e+02
1.9147e+02
2.0229e+02
1.9691e+02
1.7928e+02
1.9221e+02
1.7770e+02
1.7743e+02
2.1352e+02
2.0815e+02
1.8723e+02
1.7232e+02
2.0063e+02
1.8256e+02
1.8617e+02
1.7372e+02
1.8372e+02
1.4156e+02
1.8150e+02
1.6739e+02
1.9635e+02
1.7597e+02
1.7074e+02
1.6740e+02
1.8021e+02
1.5529e+02
1.8362e+02
1.7114e+02
2.0192e+02
2.0871e+02
1.6095e+02
1.4918e+02
1.8784e+02
1.7184e+02
1.9138e+02
1.8042e+02
1.8546e+02
1.9849e+02
1.9034e+02
1.9854e+02
1.7532e+02
1.5918e+02
1.8823e+02
1.7738e+02
1.9562e+02
2.1056e+02
1.8626e+02
1.7713e+02
2.0579e+02
1.8333e+02
1.7868e+02
1.5544e+02
1.8670e+02
1.7440e+02
1.9720e+02
1.8043e+02
1.7169e+02
1.7702e+02
1.8935e+02
1.8682e+02
1.5172e+02
1.9814e+02
1.9788e+02
1.6339e+02
1.7018e+02
2.0015e+02
1.9224e+02
1.9105e+02
1.8000e+02
2.0033e+02
1.8949e+02
1.8100e+02
1.7073e+02
1.9207e+02
1.8368e+02
1.7956e+02
1.6883e+02
1.8235e+02
1.9300e+02
1.8828e+02
1.8883e+02
1.9857e+02
1.9028e+02
1.7736e+02
1.6153e+02
1.5473e+02
1.9609e+02
2.0805e+02
1.6523e+02
1.8987e+02
2.0346e+02
1.8861e+02
1.8331e+02
1.9890e+02
1.8365e+02
1.3572e+02
1.6617e+02
1.7615e+02
1.9179e+02
1.9311e+02
2.0253e+02
1.5503e+02
1.7513e+02
1.7549e+02
1.7786e+02
1.9409e+02
1.9189e+02
1.8645e+02
1.8615e+02
1.8884e+02
1.7154e+02
1.6688e+02
1.7081e+02
1.7152e+02
1.9123e+02
2.0084e+02
1.8453e+02
1.6308e+02
1.5942e+02
1.8978e+02
1.9376e+02
1.6616e+02
1.4772e+02
1.9950e+02
1.9196e+02
1.8944e+02
1.6371e+02
1.8273e+02
1.8440e+02
1.9549e+02
1.8037e+02
1.8372e+02
1.9161e+02
1.9822e+02
2.0169e+02
1.9087e+02
1.9154e+02
1.7752e+02
1.8226e+02
2.1211e+02
1.9680e+02
1.9800e+02
1.7724e+02
1.7130e+02
2.0130e+02
2.0243e+02
2.0949e+02
2.0178e+02
2.0820e+02
2.3501e+02
2.1596e+02
2.0763e+02
1.9692e+02
2.1125e+02
1.9585e+02
2.2146e+02
2.3276e+02
2.0940e+02
2.4191e+02
2.3506e+02
2.2782e+02
2.1363e+02
2.3082e+02
2.4225e+02
2.2898e+02
2.0826e+02
2.4173e+02
2.4062e+02
2.4117e+02
2.4374e+02
2.2299e+02
2.2741e+02
2.3977e+02
1.9327e+02
2.5743e+02
2.3406e+02
2.1681e+02
2.1898e+02
2.1692e+02
2.5015e+02
2.1178e+02
2.3830e+02
2.3755e+02
2.2393e+02
2.0986e+02
2.0482e+02
2.2777e+02
2.2672e+02
2.2357e+02
2.2974e+02
2.1720e+02
2.4019e+02
1.7665e+02
2.2606e+02
2.1054e+02
2.2908e+02
2.1441e+02
2.3895e+02
2.3866e+02
2.2805e+02
2.1902e+02
2.1905e+02
2.2388e+02
2.1391e+02
2.1983e+02
2.2311e+02
2.1178e+02
2.2291e+02
1.9320e+02
1.8654e+02
1.8705e+02
1.9570e+02
1.9212e+02
2.1015e+02
2.1568e+02
2.1246e+02
1.6684e+02
1.6939e+02
1.9671e+02
1.6150e+02
2.0408e+02
1.7591e+02
1.8396e+02
1.7103e+02
1.7882e+02
2.0074e+02
1.7467e+02
1.9536e+02
2.0732e+02
1.8309e+02
1.9503e+02
1.9339e+02
1.9458e+02
1.8158e+02
1.8310e+02
1.7707e+02
1.6945e+02
1.8551e+02
1.8767e+02
2.1341e+02
2.0283e+02
1.9289e+02
2.2537e+02
2.0040e+02
2.3318e+02
1.9489e+02
2.1770e+02
2.3239e+02
2.0301e+02
2.3400e+02
2.0384e+02
1.9367e+02
2.1499e+02
2.0469e+02
2.2904e+02
2.0364e+02
2.3744e+02
2.6287e+02
2.6563e+02
2.5466e+02
2.3478e+02
2.4305e+02
2.6212e+02
2.4502e+02
2.4038e+02
2.2215e+02
2.3730e+02
2.5761e+02
2.7461e+02
2.6595e+02
2.5237e+02
2.7185e+02
2.6394e+02
2.5487e+02
2.3643e+02
2.6348e+02
2.5707e+02
2.6894e+02
2.8264e+02
2.6694e+02
2.7990e+02
2.7553e+02
2.6980e+02
2.7852e+02
2.6451e+02
2.8097e+02
2.3471e+02
2.4695e+02
2.5112e+02
2.5653e+02
2.3160e+02
2.4564e+02
2.6182e+02
2.5118e+02
2.4569e+02
2.6031e+02
2.7729e+02
2.2792e+02
2.3325e+02
2.3287e+02
2.3704e+02
2.5227e+02
2.2012e+02
2.1529e+02
2.4655e+02
2.2475e+02
2.4154e+02
2.2641e+02
2.2083e+02
2.3232e+02
2.4043e+02
2.3642e+02
2.2346e+02
2.0064e+02
2.3446e+02
2.3334e+02
1.8818e+02
1.9951e+02
2.0117e+02
2.2557e+02
2.2113e+02
2.5058e+02
2.2251e+02
1.9471e+02
2.0889e+02
2.0093e+02
2.1203e+02
2.3228e+02
2.0359e+02
1.8266e+02
2.3558e+02
1.8791e+02
1.9905e+02
1.6599e+02
2.0225e+02
2.3642e+02
2.1376e+02
1.9512e+02
2.4529e+02
1.9738e+02
1.8729e+02
1.9897e+02
1.8750e+02
1.9213e+02
2.0710e+02
1.4859e+02
1.8263e+02
1.8865e+02
1.8625e+02
1.8102e+02
1.8338e+02
1.9061e+02
1.9139e+02
1.7656e+02
1.9305e+02
1.7527e+02
1.9627e+02
1.9236e+02
1.8024e+02
1.7864e+02
2.1195e+02
1.7985e+02
2.1256e+02
1.9470e+02
2.0923e+02
2.1578e+02
1.9239e+02
2.1153e+02
2.2026e+02
2.0994e+02
2.1864e+02
2.2589e+02
1.8522e+02
2.2143e+02
2.1271e+02
2.0377e+02
2.0664e+02
2.1937e+02
2.2971e+02
1.8770e+02
2.2087e+02
2.3303e+02
2.1993e+02
2.3288e+02
2.4816e+02
2.2524e+02
2.1356e+02
2.1088e+02
2.1230e+02
2.1853e+02
1.8099e+02
2.2733e+02
1.8751e+02
2.2275e+02
2.2795e+02
2.1815e+02
2.1988e+02
2.1729e+02
2.2104e+02
2.3792e+02
1.9700e+02
2.0719e+02
2.1795e+02
1.9642e+02
2.2149e+02
1.9480e+02
1.9717e+02
1.9643e+02
2.1085e+02
2.0020e+02
2.1913e+02
1.8198e+02
1.7295e+02
2.1119e+02
2.1002e+02
2.1925e+02
1.9896e+02
2.0793e+02
1.9065e+02
1.9060e+02
1.5507e+02
2.1093e+02
1.9137e+02
1.7690e+02
1.7876e+02
1.9870e+02
1.9994e+02
1.7840e+02
1.6879e+02
1.7689e+02
1.9465e+02
1.6976e+02
1.6796e+02
1.4468e+02
1.8006e+02
2.0336e+02
1.8009e+02
1.7790e+02
1.9934e+02
1.6587e+02
1.9031e+02
2.0332e+02
1.9817e+02
1.8387e+02
1.9173e+02
1.8450e+02
1.7355e+02
1.8416e+02
2.0694e+02
1.8913e+02
1.8538e+02
1.9386e+02
1.6760e+02
1.8450e+02
1.7500e+02
1.6554e+02
1.6153e+02
1.9193e+02
1.7346e+02
1.9442e+02
1.8475e+02
1.6159e+02
1.8676e+02
1.8678e+02
1.9639e+02
1.7259e+02
1.8908e+02
1.8225e+02
1.8363e+02
1.8853e+02
1.6114e+02
1.5427e+02
1.5920e+02
1.7817e+02
1.6397e+02
2.0204e+02
1.7517e+02
1.9226e+02
1.8321e+02
1.8265e+02
1.6433e+02
1.6599e+02
1.6473e+02
1.7476e+02
1.9204e+02
2.0174e+02
2.0847e+02
1.9574e+02
1.8451e+02
1.6888e+02
2.0090e+02
1.6661e+02
1.8798e+02
1.3920e+02
1.7079e+02
1.7765e+02
1.7223e+02
1.7174e+02
2.0445e+02
1.8456e+02
1.7277e+02
1.7204e+02
1.9952e+02
2.0121e+02
2.0561e+02
1.8781e+02
1.6775e+02
1.6329e+02
1.6916e+02
1.9389e+02
2.0419e+02
1.6752e+02
1.9240e+02
1.7693e+02
1.9061e+02
1.8286e+02
1.8944e+02
1.7083e+02
1.8683e+02
1.8214e+02
1.6848e+02
1.7821e+02
1.6315e+02
1.7218e+02
1.8401e+02
1.7991e+02
1.8266e+02
1.6858e+02
1.8339e+02
1.7080e+02
1.7380e+02
1.7816e+02
1.6604e+02
1.8078e+02
1.8402e+02
1.5516e+02
1.2668e+02
1.5361e+02
1.4736e+02
1.5132e+02
1.4903e+02
1.6289e+02
1.6567e+02
1.6652e+02
1.6715e+02
1.7337e+02
1.5559e+02
1.4485e+02
1.4562e+02
1.5537e+02
1.4819e+02
1.8005e+02
1.6572e+02
1.7386e+02
1.7415e+02
1.4255e+02
1.6204e+02
1.6520e+02
1.8715e+02
1.9022e+02
1.8154e+02
1.8098e+02
1.6419e+02
1.8753e+02
1.6844e+02
1.6625e+02
1.8180e+02
1.6522e+02
1.6507e+02
1.6396e+02
1.5362e+02
1.3664e+02
1.6799e+02
1.7460e+02
1.7352e+02
1.7210e+02
1.6787e+02
1.2003e+02
1.7342e+02
1.2067e+02
1.5638e+02
1.6547e+02
1.5786e+02
1.4850e+02
1.4538e+02
1.7568e+02
1.6643e+02
1.4537e+02
1.6869e+02
1.4781e+02
1.4271e+02
1.6796e+02
1.7656e+02
1.5629e+02
1.6306e+02
1.6829e+02
1.3110e+02
1.5345e+02
1.4637e+02
1.7959e+02
1.7299e+02
1.5770e+02
1.3838e+02
1.6775e+02
1.9279e+02
1.5312e+02
1.4837e+02
1.7181e+02
1.5431e+02
1.4761e+02
1.5554e+02
1.5741e+02
1.7783e+02
1.7842e+02
1.5674e+02
1.7026e+02
1.6176e+02
1.7795e+02
1.7440e+02
1.6970e+02
1.9051e+02
2.0077e+02
1.5998e+02
1.7023e+02
1.7160e+02
1.6908e+02
1.8285e+02
1.6570e+02
1.6406e+02
1.6921e+02
1.5751e+02
1.4118e+02
1.5990e+02
1.5994e+02
1.8615e+02
1.6406e+02
1.4639e+02
1.6639e+02
1.4899e+02
1.6765e+02
1.7096e+02
1.6818e+02
1.5882e+02
1.6871e+02
1.6873e+02
1.3721e+02
1.5979e+02
1.8502e+02
1.5845e+02
1.5275e+02
1.4711e+02
1.6601e+02
1.8628e+02
1.6175e+02
1.6416e+02
1.8667e+02
1.5685e+02
1.7370e+02
1.4374e+02
1.3381e+02
1.6993e+02
1.5434e+02
1.7637e+02
1.3816e+02
1.6409e+02
1.4798e+02
1.4310e+02
1.5865e+02
1.5649e+02
1.7272e+02
1.6422e+02
1.4837e+02
1.5878e+02
1.7530e+02
1.5403e+02
1.6435e+02
1.8085e+02
1.5130e+02
1.5748e+02
1.5351e+02
1.6361e+02
1.4916e+02
1.6942e+02
1.6151e+02
1.6781e+02
1.6630e+02
1.7713e+02
1.4474e+02
1.3782e+02
1.7928e+02
1.4006e+02
1.8451e+02
1.5814e+02
1.8144e+02
1.6288e+02
1.8018e+02
1.6120e+02
1.2550e+02
1.6145e+02
1.3364e+02
1.6707e+02
1.7570e+02
1.9317e+02
1.5246e+02
1.8963e+02
1.6167e+02
1.4938e+02
1.6541e+02
1.6754e+02
1.4758e+02
1.6330e+02
