1.6365e+02
1.6353e+02
1.6287e+02
1.6718e+02
1.5140e+02
1.5069e+02
1.8133e+02
1.4319e+02
1.4342e+02
1.8633e+02
1.8263e+02
1.5689e+02
1.7096e+02
1.7253e+02
1.7684e+02
1.5658e+02
1.5508e+02
1.6070e+02
1.2322e+02
1.6223e+02
1.7543e+02
1.4936e+02
1.7093e+02
1.7652e+02
1.6697e+02
1.4775e+02
1.6961e+02
1.5246e+02
1.7067e+02
1.6248e+02
1.6956e+02
1.5487e+02
1.7976e+02
1.9965e+02
1.6613e+02
1.6015e+02
1.5405e+02
1.7856e+02
1.4041e+02
1.6680e+02
1.8034e+02
1.4705e+02
1.4397e+02
1.4740e+02
1.5904e+02
1.6446e+02
1.6914e+02
1.8225e+02
1.6552e+02
1.4537e+02
1.6811e+02
1.6032e+02
1.4381e+02
1.5827e+02
1.7017e+02
1.6531e+02
1.8422e+02
1.8752e+02
1.5811e+02
1.8488e+02
1.3533e+02
1.9238e+02
1.5239e+02
1.7885e+02
1.4322e+02
1.5662e+02
1.6319e+02
1.7246e+02
1.8220e+02
1.7923e+02
1.6850e+02
1.8547e+02
1.7623e+02
1.5676e+02
1.8129e+02
1.4270e+02
1.4629e+02
1.6577e+02
1.4582e+02
1.5514e+02
1.8343e+02
1.9025e+02
1.8051e+02
1.5596e+02
1.6555e+02
1.6333e+02
1.6596e+02
1.8755e+02
1.7709e+02
1.2052e+02
1.6075e+02
1.7575e+02
1.6826e+02
1.7873e+02
1.5370e+02
1.7832e+02
1.8656e+02
1.8076e+02
1.7974e+02
1.6428e+02
1.6767e+02
1.5995e+02
1.6767e+02
1.7997e+02
1.6684e+02
1.4723e+02
1.6389e+02
1.7736e+02
1.4988e+02
1.4879e+02
1.4346e+02
1.6185e+02
1.4724e+02
1.5170e+02
1.7464e+02
1.5325e+02
1.3629e+02
1.7138e+02
1.5997e+02
1.6394e+02
1.6684e+02
1.5013e+02
1.7954e+02
1.7178e+02
1.6815e+02
1.0260e+02
1.5980e+02
1.6209e+02
1.6441e+02
1.5829e+02
1.5488e+02
1.4178e+02
1.4231e+02
1.5528e+02
1.5366e+02
1.6813e+02
1.4940e+02
1.8376e+02
1.5887e+02
1.5751e+02
1.6879e+02
1.7024e+02
1.5490e+02
1.7387e+02
1.5423e+02
1.6415e+02
1.7761e+02
1.7143e+02
1.6888e+02
1.8760e+02
1.4512e+02
1.8642e+02
1.5852e+02
1.5218e+02
1.3891e+02
1.3981e+02
1.6526e+02
1.8721e+02
1.7275e+02
1.8213e+02
1.5854e+02
1.7847e+02
1.9683e+02
1.9202e+02
1.6063e+02
1.5182e+02
1.6542e+02
1.6963e+02
1.8357e+02
1.8095e+02
1.7075e+02
1.2989e+02
1.4655e+02
1.7462e+02
1.6247e+02
1.6401e+02
1.6652e+02
1.4430e+02
1.7766e+02
1.5607e+02
1.1399e+02
1.6023e+02
1.5869e+02
1.5584e+02
1.6820e+02
1.6822e+02
1.6428e+02
1.7907e+02
1.7727e+02
1.8135e+02
1.7012e+02
1.7591e+02
1.5883e+02
1.3638e+02
1.5989e+02
1.6292e+02
1.5170e+02
1.6603e+02
1.5880e+02
1.0484e+02
1.5070e+02
1.6832e+02
1.5824e+02
1.7615e+02
1.7712e+02
1.6792e+02
1.1691e+02
1.7857e+02
1.5701e+02
1.6035e+02
1.3869e+02
1.6303e+02
1.5205e+02
1.6143e+02
1.7490e+02
1.5483e+02
1.6100e+02
1.7752e+02
1.6564e+02
1.3271e+02
1.6904e+02
1.9025e+02
1.5777e+02
1.4908e+02
1.5293e+02
1.7069e+02
1.7751e+02
1.6070e+02
1.5612e+02
1.4015e+02
1.6005e+02
1.4628e+02
1.8594e+02
1.9188e+02
1.8174e+02
1.6191e+02
1.7433e+02
1.4660e+02
1.8075e+02
1.7668e+02
1.6127e+02
1.8431e+02
1.6968e+02
1.6940e+02
1.4722e+02
1.4528e+02
1.7766e+02
1.6872e+02
1.6597e+02
1.7504e+02
1.6664e+02
1.7099e+02
1.5565e+02
1.4856e+02
1.7100e+02
1.7403e+02
1.7732e+02
1.7327e+02
1.6073e+02
1.4890e+02
1.3563e+02
1.4461e+02
1.7402e+02
1.6590e+02
1.3328e+02
1.6485e+02
1.6720e+02
1.6092e+02
1.6567e+02
1.4855e+02
1.7537e+02
1.5639e+02
1.6550e+02
1.6779e+02
1.8343e+02
1.8536e+02
1.6426e+02
1.8059e+02
1.7099e+02
1.5311e+02
1.6701e+02
1.7864e+02
1.8998e+02
1.9650e+02
1.7413e+02
1.6173e+02
1.8091e+02
1.9136e+02
1.8692e+02
1.9735e+02
1.9197e+02
1.5605e+02
1.5047e+02
1.6796e+02
2.0321e+02
1.9933e+02
1.8114e+02
1.6474e+02
1.7262e+02
1.6821e+02
1.5304e+02
1.7984e+02
1.6870e+02
1.7574e+02
1.8175e+02
1.8257e+02
1.9916e+02
1.8688e+02
2.0071e+02
1.5362e+02
1.6781e+02
1.9915e+02
2.0489e+02
1.7379e+02
1.7905e+02
1.4971e+02
1.8918e+02
1.6639e+02
1.9428e+02
1.9944e+02
1.7602e+02
1.9181e+02
2.2339e+02
1.9410e+02
1.7531e+02
1.8378e+02
1.5735e+02
1.6255e+02
2.0547e+02
2.0338e+02
1.8513e+02
1.9849e+02
2.0402e+02
2.2068e+02
2.0060e+02
1.9905e+02
1.8882e+02
1.4550e+02
2.2081e+02
1.9595e+02
1.7696e+02
1.9441e+02
2.0295e+02
1.9441e+02
1.5550e+02
1.8974e+02
1.9516e+02
2.0059e+02
1.9155e+02
1.6476e+02
1.7064e+02
1.9266e+02
2.0287e+02
1.9318e+02
2.0882e+02
1.8733e+02
1.8315e+02
1.7419e+02
1.9884e+02
1.9719e+02
1.7935e+02
1.9677e+02
1.4293e+02
1.6384e+02
1.9474e+02
1.9814e+02
2.2440e+02
1.9067e+02
1.9037e+02
1.9551e+02
2.1442e+02
2.1217e+02
1.9246e+02
2.0126e+02
2.0680e+02
2.2710e+02
2.3310e+02
2.1599e+02
2.0029e+02
2.2950e+02
2.6006e+02
2.4328e+02
2.3528e+02
2.8153e+02
3.5773e+02
3.4393e+02
2.5200e+02
2.7126e+02
2.2777e+02
2.4415e+02
2.4512e+02
2.2838e+02
2.4044e+02
1.9948e+02
2.1445e+02
2.0230e+02
2.1367e+02
2.0499e+02
2.1106e+02
1.8214e+02
1.9431e+02
2.2273e+02
1.7609e+02
1.7581e+02
2.1194e+02
2.0771e+02
1.7033e+02
2.1014e+02
2.1296e+02
2.2921e+02
2.2597e+02
1.9443e+02
1.6406e+02
2.2899e+02
2.2527e+02
2.1494e+02
2.1044e+02
2.1514e+02
2.1217e+02
1.9228e+02
2.4273e+02
2.2774e+02
2.0916e+02
2.2186e+02
2.1992e+02
2.0210e+02
2.1655e+02
2.4692e+02
2.3878e+02
2.3444e+02
2.3826e+02
2.1895e+02
2.7046e+02
2.5935e+02
2.6187e+02
2.4744e+02
2.3348e+02
2.0714e+02
2.3821e+02
2.4021e+02
2.2339e+02
2.1295e+02
2.2008e+02
2.3023e+02
2.1225e+02
2.3877e+02
2.1498e+02
2.0291e+02
2.0900e+02
2.1887e+02
1.6528e+02
2.3690e+02
2.2678e+02
2.0616e+02
1.9702e+02
1.8569e+02
1.8019e+02
2.2351e+02
2.2609e+02
1.9766e+02
1.8871e+02
1.7773e+02
1.9063e+02
2.2716e+02
2.0808e+02
1.7039e+02
1.9696e+02
2.1521e+02
1.7842e+02
1.9287e+02
1.6577e+02
2.0652e+02
2.0562e+02
1.9251e+02
2.2349e+02
1.6239e+02
1.9522e+02
2.0169e+02
2.0378e+02
1.8833e+02
2.1349e+02
1.6269e+02
2.0851e+02
1.8732e+02
1.5187e+02
1.8648e+02
1.7747e+02
1.6844e+02
2.0421e+02
1.7807e+02
1.9168e+02
2.1598e+02
2.0459e+02
2.0051e+02
1.7739e+02
1.8671e+02
2.0246e+02
2.0718e+02
1.8800e+02
1.6841e+02
1.9605e+02
1.7729e+02
2.0454e+02
1.7890e+02
1.8448e+02
1.7403e+02
1.9460e+02
2.0833e+02
1.8981e+02
1.7065e+02
1.6102e+02
1.5038e+02
1.6977e+02
1.6701e+02
1.6903e+02
1.7402e+02
1.6357e+02
1.6139e+02
1.7209e+02
1.8908e+02
1.7155e+02
1.7392e+02
1.5870e+02
2.0104e+02
1.6035e+02
1.7588e+02
1.8512e+02
1.9118e+02
2.0165e+02
1.8058e+02
1.8848e+02
1.9021e+02
1.6373e+02
1.9345e+02
1.5851e+02
1.7476e+02
1.8249e+02
2.0719e+02
1.6904e+02
1.8048e+02
1.6005e+02
1.8099e+02
1.6764e+02
1.7944e+02
1.3548e+02
1.5498e+02
1.9175e+02
1.8524e+02
1.5718e+02
1.7710e+02
1.7483e+02
1.8656e+02
1.8333e+02
1.7343e+02
1.7748e+02
1.8000e+02
1.5218e+02
1.8908e+02
1.9235e+02
1.7206e+02
1.7966e+02
1.3422e+02
1.6493e+02
1.6011e+02
1.5892e+02
1.7667e+02
1.6018e+02
1.5372e+02
1.7551e+02
1.7308e+02
1.3602e+02
1.8012e+02
1.6134e+02
1.6860e+02
1.6231e+02
1.8388e+02
1.7905e+02
1.5994e+02
1.7728e+02
1.6037e+02
1.7777e+02
1.7251e+02
1.8063e+02
1.7409e+02
1.4872e+02
1.7675e+02
1.7835e+02
1.8170e+02
1.8759e+02
1.7641e+02
1.5815e+02
1.6645e+02
1.1504e+02
1.6193e+02
1.5613e+02
1.4835e+02
1.7815e+02
1.8146e+02
1.7203e+02
1.8053e+02
1.5776e+02
1.6273e+02
1.7193e+02
1.8526e+02
1.8149e+02
1.7998e+02
1.7475e+02
1.3734e+02
1.5459e+02
1.6877e+02
1.6759e+02
1.4261e+02
1.6469e+02
1.7058e+02
1.3306e+02
1.2302e+02
1.4044e+02
1.5060e+02
1.4225e+02
1.5632e+02
1.5408e+02
1.4610e+02
1.5580e+02
1.3782e+02
1.4663e+02
1.5936e+02
1.5594e+02
1.6961e+02
1.7068e+02
1.5281e+02
1.5614e+02
1.6290e+02
1.6608e+02
1.7555e+02
1.7087e+02
1.9143e+02
1.8625e+02
1.7187e+02
1.8486e+02
1.7143e+02
1.7244e+02
1.6384e+02
1.6593e+02
1.6097e+02
1.6432e+02
1.6675e+02
1.9491e+02
1.4592e+02
1.6220e+02
1.7293e+02
1.4845e+02
1.3983e+02
1.5434e+02
1.5441e+02
1.7109e+02
1.7572e+02
1.7036e+02
1.4396e+02
1.6925e+02
1.6650e+02
1.7223e+02
1.2992e+02
1.4671e+02
1.5868e+02
1.6600e+02
1.6496e+02
1.5276e+02
1.6241e+02
1.6539e+02
1.7604e+02
1.7067e+02
1.7157e+02
1.7377e+02
1.6664e+02
1.7187e+02
1.8906e+02
1.8245e+02
1.7816e+02
1.5594e+02
1.6360e+02
1.4894e+02
1.4963e+02
1.7385e+02
1.7734e+02
1.6672e+02
1.7681e+02
1.5222e+02
1.6411e+02
1.7356e+02
1.5494e+02
1.2251e+02
1.5746e+02
1.7476e+02
1.7815e+02
1.3423e+02
1.5430e+02
1.4967e+02
1.5201e+02
1.6496e+02
1.6909e+02
1.4960e+02
1.3794e+02
1.4362e+02
1.7299e+02
1.4445e+02
1.6284e+02
1.4902e+02
1.7068e+02
1.7406e+02
1.7090e+02
1.6424e+02
1.6640e+02
1.9328e+02
1.8844e+02
1.7369e+02
1.6816e+02
1.7652e+02
1.2062e+02
1.5764e+02
1.6070e+02
1.6584e+02
1.5984e+02
1.7673e+02
1.3549e+02
1.5933e+02
1.7075e+02
1.7953e+02
1.9762e+02
1.8494e+02
1.6570e+02
1.5881e+02
1.3406e+02
1.5731e+02
1.4795e+02
1.6217e+02
1.6591e+02
1.6999e+02
1.6153e+02
1.3191e+02
1.7553e+02
1.5914e+02
1.5152e+02
1.7634e+02
1.6163e+02
1.4934e+02
1.4731e+02
1.5921e+02
1.4614e+02
1.7502e+02
1.6645e+02
1.5562e+02
1.4900e+02
1.5136e+02
1.7438e+02
1.5295e+02
1.6008e+02
1.3286e+02
1.6301e+02
1.5910e+02
1.5991e+02
1.2789e+02
1.5099e+02
1.5860e+02
1.8309e+02
1.8824e+02
1.7767e+02
1.3801e+02
1.7168e+02
1.6126e+02
1.6407e+02
1.6690e+02
1.7556e+02
1.7319e+02
1.5437e+02
1.6119e+02
1.6373e+02
1.4670e+02
1.5421e+02
1.7371e+02
1.6490e+02
1.8718e+02
1.7499e+02
1.6519e+02
1.8480e+02
1.5590e+02
1.5208e+02
1.6197e+02
1.6278e+02
1.6202e+02
1.3625e+02
1.5002e+02
1.6914e+02
1.7054e+02
1.5619e+02
1.7618e+02
1.6448e+02
1.5792e+02
1.5365e+02
1.6351e+02
1.4234e+02
1.5769e+02
1.4661e+02
1.5567e+02
1.4359e+02
1.4228e+02
1.5347e+02
1.7099e+02
1.5740e+02
1.5494e+02
1.8537e+02
1.4099e+02
1.7030e+02
1.4672e+02
1.3817e+02
1.6260e+02
1.6842e+02
1.6530e+02
1.5844e+02
1.7643e+02
1.6914e+02
1.5733e+02
1.7161e+02
1.5259e+02
1.8123e+02
1.8914e+02
1.7800e+02
1.7336e+02
1.9044e+02
1.6567e+02
1.3943e+02
1.5866e+02
1.4263e+02
1.5762e+02
1.5283e+02
1.5090e+02
1.4622e+02
1.6972e+02
1.8242e+02
1.6573e+02
1.7242e+02
1.5829e+02
1.3880e+02
1.4027e+02
1.3548e+02
1.2509e+02
1.6199e+02
1.7673e+02
1.7122e+02
1.7605e+02
1.7746e+02
1.5663e+02
1.4905e+02
1.6550e+02
1.7785e+02
1.5409e+02
1.8493e+02
1.6875e+02
1.4832e+02
1.6180e+02
1.5136e+02
1.2057e+02
1.6128e+02
1.6670e+02
1.6106e+02
1.9076e+02
