1.7531e+02
1.5936e+02
1.3205e+02
1.6778e+02
1.7631e+02
1.6624e+02
1.6053e+02
1.8985e+02
1.7533e+02
1.5438e+02
1.8513e+02
1.6053e+02
1.3653e+02
1.6258e+02
1.8866e+02
1.5291e+02
1.4954e+02
1.5557e+02
1.3779e+02
1.8572e+02
1.7205e+02
1.7100e+02
1.6020e+02
1.6841e+02
1.7699e+02
1.7968e+02
1.7429e+02
1.5684e+02
1.6887e+02
1.4700e+02
1.5527e+02
1.5611e+02
1.8336e+02
1.9484e+02
1.5543e+02
1.7937e+02
1.7070e+02
1.7962e+02
1.6069e+02
1.5898e+02
1.6040e+02
1.3172e+02
1.6249e+02
1.6630e+02
1.7118e+02
1.9319e+02
1.8119e+02
1.6938e+02
1.7608e+02
1.7283e+02
1.6062e+02
1.5736e+02
1.6856e+02
1.6893e+02
1.4354e+02
1.5098e+02
1.6566e+02
1.6743e+02
1.4595e+02
1.6114e+02
1.7861e+02
1.6037e+02
1.6608e+02
1.6161e+02
1.4251e+02
1.3027e+02
1.5167e+02
1.7316e+02
1.6024e+02
1.8045e+02
1.8046e+02
1.5845e+02
1.6304e+02
1.6636e+02
1.5787e+02
1.5288e+02
1.3715e+02
1.1239e+02
1.4788e+02
1.4260e+02
1.5564e+02
1.5733e+02
1.5525e+02
1.7409e+02
1.6501e+02
1.5912e+02
1.7821e+02
1.7368e+02
1.6684e+02
1.8057e+02
1.7595e+02
1.5526e+02
1.7867e+02
1.7480e+02
1.6082e+02
1.4758e+02
1.3092e+02
1.7150e+02
1.4452e+02
1.7388e+02
1.6950e+02
1.7403e+02
1.3189e+02
1.5824e+02
1.5965e+02
1.3999e+02
1.6036e+02
1.7582e+02
1.6482e+02
1.6515e+02
1.5821e+02
1.8053e+02
1.8336e+02
1.8468e+02
1.5202e+02
1.7661e+02
1.8040e+02
1.9930e+02
1.9034e+02
1.8352e+02
1.7263e+02
1.6165e+02
1.5114e+02
1.4171e+02
1.6395e+02
1.7972e+02
1.4972e+02
1.7057e+02
1.5400e+02
1.4060e+02
1.8998e+02
1.8635e+02
1.6361e+02
1.4003e+02
1.6236e+02
1.7392e+02
1.5824e+02
1.3643e+02
1.6631e+02
1.3990e+02
1.7217e+02
1.5456e+02
1.6575e+02
1.6260e+02
1.4360e+02
1.5220e+02
1.7866e+02
1.9245e+02
1.6053e+02
1.3815e+02
1.6226e+02
1.5035e+02
1.2903e+02
1.4360e+02
1.6501e+02
1.8303e+02
1.5843e+02
1.6596e+02
1.6457e+02
1.6366e+02
1.8397e+02
1.6122e+02
1.6326e+02
1.6486e+02
1.8183e+02
1.7267e+02
1.4426e+02
1.4592e+02
1.5569e+02
1.4941e+02
1.6108e+02
1.6572e+02
1.8252e+02
1.6794e+02
1.5686e+02
1.7638e+02
1.6197e+02
1.7808e+02
1.6213e+02
1.6873e+02
1.6590e+02
1.5218e+02
1.5355e+02
1.3707e+02
1.6311e+02
1.6529e+02
1.8795e+02
1.8721e+02
1.8142e+02
1.7532e+02
1.5609e+02
1.5863e+02
1.6237e+02
1.4432e+02
1.3415e+02
1.9074e+02
1.7118e+02
1.9222e+02
2.2731e+02
2.1904e+02
1.9152e+02
2.1934e+02
2.0464e+02
1.9947e+02
2.0639e+02
1.9669e+02
2.1548e+02
2.0196e+02
2.0186e+02
2.0893e+02
2.0450e+02
1.9582e+02
2.0075e+02
1.9356e+02
1.8764e+02
1.5704e+02
1.5776e+02
1.6574e+02
1.5590e+02
1.6502e+02
1.4338e+02
1.6274e+02
1.8282e+02
1.6586e+02
1.5065e+02
1.7872e+02
1.3341e+02
1.7367e+02
1.9117e+02
1.5895e+02
1.8435e+02
1.7383e+02
1.6349e+02
1.4466e+02
1.5425e+02
1.4845e+02
1.5502e+02
1.9621e+02
1.7500e+02
1.9114e+02
1.5294e+02
1.4308e+02
1.5947e+02
1.4310e+02
1.4467e+02
1.5715e+02
1.6083e+02
1.8057e+02
1.9065e+02
1.9434e+02
1.6599e+02
1.7015e+02
1.5095e+02
1.7722e+02
1.6459e+02
1.3821e+02
1.7933e+02
1.5662e+02
1.5616e+02
1.5850e+02
1.7292e+02
1.7839e+02
1.8018e+02
1.6579e+02
1.6702e+02
1.7979e+02
1.5996e+02
1.9780e+02
1.5943e+02
1.5367e+02
1.9004e+02
1.9502e+02
1.8691e+02
2.0249e+02
1.7041e+02
1.5758e+02
1.8677e+02
1.8389e+02
1.5922e+02
1.7012e+02
1.5737e+02
1.7289e+02
1.6654e+02
1.7700e+02
1.5979e+02
1.2342e+02
1.4742e+02
1.6405e+02
1.6500e+02
1.5114e+02
1.7848e+02
1.6759e+02
1.6742e+02
1.7364e+02
1.6321e+02
1.8535e+02
1.6928e+02
1.7213e+02
1.4485e+02
1.3035e+02
1.5132e+02
1.7678e+02
1.7059e+02
1.6563e+02
1.8672e+02
1.7345e+02
1.8632e+02
1.6926e+02
1.6324e+02
1.8615e+02
1.7384e+02
1.8739e+02
1.7257e+02
1.5210e+02
1.9154e+02
1.5695e+02
2.2097e+02
2.0308e+02
1.6604e+02
1.7693e+02
1.5432e+02
1.5787e+02
2.1557e+02
2.1999e+02
1.6991e+02
2.0271e+02
1.8638e+02
2.0739e+02
2.2207e+02
2.0616e+02
1.8642e+02
2.0462e+02
1.9877e+02
1.9279e+02
1.9002e+02
2.0262e+02
1.7595e+02
1.7789e+02
1.5679e+02
1.8303e+02
2.0644e+02
1.7556e+02
1.8830e+02
1.9203e+02
1.9367e+02
1.6420e+02
2.0295e+02
1.8570e+02
1.7311e+02
1.7436e+02
2.1204e+02
1.9143e+02
1.8640e+02
1.4766e+02
1.8331e+02
1.9216e+02
1.9643e+02
1.8564e+02
1.7688e+02
1.4336e+02
1.9463e+02
1.7310e+02
1.5128e+02
1.8585e+02
1.8896e+02
1.8100e+02
1.8360e+02
1.7104e+02
1.9766e+02
1.9090e+02
1.5021e+02
1.9723e+02
1.9797e+02
1.9780e+02
1.8514e+02
1.8206e+02
1.8635e+02
1.9703e+02
2.0137e+02
2.4103e+02
2.1630e+02
2.0506e+02
1.9907e+02
2.2912e+02
2.8658e+02
2.7869e+02
2.4423e+02
2.1072e+02
2.1724e+02
2.2981e+02
2.0006e+02
2.0472e+02
2.0789e+02
2.1757e+02
2.1049e+02
2.1926e+02
2.2715e+02
2.0200e+02
2.0604e+02
1.9220e+02
1.8701e+02
1.6382e+02
1.8547e+02
2.1253e+02
2.0632e+02
2.1910e+02
2.0775e+02
2.1330e+02
2.0487e+02
1.7129e+02
2.0894e+02
2.1550e+02
2.3708e+02
2.2631e+02
2.1435e+02
2.3395e+02
2.2552e+02
2.1822e+02
2.1429e+02
1.8580e+02
2.1794e+02
2.4033e+02
2.5051e+02
2.1468e+02
2.1386e+02
2.3476e+02
1.9643e+02
1.9780e+02
2.1641e+02
2.1759e+02
2.3187e+02
2.5104e+02
2.6053e+02
2.6502e+02
2.3278e+02
2.4368e+02
2.1569e+02
2.3420e+02
2.0781e+02
2.0584e+02
2.2270e+02
2.3065e+02
2.0793e+02
2.2141e+02
1.7426e+02
2.1764e+02
2.2380e+02
2.2146e+02
2.1962e+02
2.4264e+02
2.3617e+02
1.9769e+02
2.0065e+02
1.9945e+02
2.0692e+02
1.8091e+02
1.8605e+02
1.7003e+02
1.8277e+02
1.9116e+02
2.1185e+02
2.1443e+02
2.2088e+02
2.0467e+02
2.1661e+02
2.0171e+02
2.0696e+02
1.9520e+02
1.5513e+02
1.6944e+02
1.9561e+02
1.7249e+02
1.9303e+02
1.8323e+02
1.8638e+02
2.0669e+02
1.8826e+02
1.6827e+02
1.6397e+02
1.7270e+02
1.5574e+02
1.5940e+02
1.8103e+02
1.7829e+02
1.7721e+02
1.9410e+02
1.7529e+02
1.9355e+02
2.1831e+02
1.7295e+02
2.2145e+02
1.8837e+02
2.0749e+02
2.2779e+02
1.8778e+02
1.9793e+02
1.7674e+02
1.7678e+02
1.6472e+02
1.6768e+02
1.6825e+02
1.5217e+02
1.6795e+02
1.7407e+02
1.6366e+02
1.8294e+02
1.5698e+02
1.5919e+02
2.0460e+02
2.1638e+02
1.7459e+02
1.5832e+02
1.7457e+02
1.4576e+02
1.5145e+02
1.9375e+02
1.7868e+02
1.8387e+02
1.7276e+02
1.4900e+02
1.7491e+02
1.7234e+02
2.0902e+02
2.0069e+02
1.7374e+02
1.5897e+02
1.7730e+02
1.7949e+02
1.9312e+02
1.9742e+02
1.8209e+02
1.8838e+02
1.8525e+02
1.5076e+02
1.7525e+02
1.8109e+02
1.9672e+02
2.0094e+02
1.5414e+02
1.7635e+02
1.5950e+02
1.6224e+02
1.7634e+02
1.8198e+02
1.7019e+02
1.6374e+02
1.6408e+02
1.8984e+02
1.8814e+02
1.7046e+02
1.6854e+02
1.6544e+02
1.7113e+02
1.8056e+02
1.4257e+02
1.3959e+02
1.8943e+02
1.9591e+02
1.5883e+02
1.1976e+02
1.7137e+02
1.7273e+02
1.7286e+02
1.5183e+02
1.6570e+02
1.4833e+02
1.5472e+02
1.6072e+02
1.5043e+02
1.7547e+02
1.6981e+02
1.7346e+02
1.4598e+02
1.5070e+02
1.3827e+02
1.5523e+02
1.5415e+02
1.6606e+02
1.8007e+02
1.6001e+02
1.9308e+02
1.8241e+02
1.7599e+02
1.9145e+02
1.7978e+02
1.2761e+02
1.5284e+02
1.5882e+02
1.6263e+02
1.4152e+02
1.6990e+02
1.5481e+02
1.5830e+02
1.7913e+02
1.5121e+02
1.4887e+02
1.6324e+02
1.6130e+02
1.9131e+02
1.5899e+02
1.7327e+02
1.4897e+02
1.4273e+02
1.5550e+02
1.4240e+02
1.6299e+02
1.7815e+02
1.5738e+02
1.6060e+02
1.4703e+02
1.5591e+02
1.7268e+02
1.7757e+02
1.1985e+02
1.7475e+02
1.8200e+02
1.5689e+02
1.6074e+02
1.8428e+02
1.4863e+02
1.4604e+02
1.9690e+02
1.6632e+02
1.8794e+02
1.6970e+02
1.5660e+02
1.4461e+02
1.9147e+02
1.8280e+02
1.6815e+02
1.6904e+02
1.5615e+02
1.3791e+02
1.3702e+02
1.5569e+02
1.6417e+02
1.6586e+02
1.7744e+02
1.4522e+02
1.5585e+02
1.5855e+02
1.7567e+02
1.8309e+02
1.5020e+02
1.8502e+02
1.8911e+02
1.4792e+02
1.6941e+02
1.8705e+02
1.8596e+02
1.4511e+02
1.7802e+02
1.8857e+02
1.8499e+02
1.6205e+02
1.9362e+02
1.9067e+02
1.7703e+02
1.3506e+02
1.3023e+02
1.4745e+02
1.4089e+02
1.6026e+02
1.5979e+02
1.7846e+02
1.2991e+02
1.7212e+02
1.8484e+02
1.5762e+02
1.6389e+02
1.6973e+02
1.6292e+02
1.6961e+02
1.6411e+02
1.4665e+02
1.6640e+02
1.5118e+02
1.4983e+02
1.6804e+02
1.6426e+02
1.8536e+02
1.4337e+02
1.7426e+02
1.7235e+02
1.4064e+02
1.5749e+02
1.6029e+02
1.3359e+02
1.7009e+02
1.8429e+02
1.6378e+02
1.7064e+02
1.5766e+02
1.4420e+02
1.7146e+02
1.6463e+02
1.6538e+02
1.7558e+02
1.6149e+02
1.6116e+02
1.6196e+02
1.4285e+02
1.6164e+02
1.6588e+02
1.5793e+02
1.4514e+02
1.6558e+02
1.7920e+02
1.8013e+02
1.5596e+02
1.4439e+02
1.4084e+02
1.4919e+02
1.7448e+02
1.5511e+02
1.4292e+02
1.3290e+02
1.6839e+02
1.6908e+02
1.6425e+02
1.5281e+02
1.6691e+02
1.6696e+02
1.8364e+02
1.7087e+02
1.7844e+02
1.5448e+02
1.5258e+02
1.6703e+02
1.8062e+02
1.7951e+02
1.7261e+02
1.1672e+02
1.6618e+02
1.3213e+02
1.5873e+02
1.3629e+02
1.5527e+02
1.5240e+02
1.8240e+02
1.5409e+02
1.7195e+02
1.5996e+02
1.6634e+02
1.7608e+02
1.6310e+02
1.4828e+02
1.6985e+02
1.7918e+02
1.4933e+02
1.7884e+02
1.6221e+02
1.6190e+02
1.5351e+02
1.5736e+02
1.6642e+02
1.6183e+02
1.6948e+02
1.7303e+02
1.3149e+02
1.6226e+02
1.4064e+02
1.6539e+02
1.6259e+02
1.5943e+02
1.8041e+02
1.5558e+02
1.7263e+02
1.7820e+02
1.6913e+02
1.4548e+02
1.6192e+02
1.8261e+02
1.6345e+02
1.1646e+02
1.7634e+02
1.6994e+02
1.6951e+02
1.5626e+02
1.5528e+02
1.5590e+02
1.6787e+02
1.5364e+02
1.7135e+02
1.6346e+02
1.6051e+02
1.6429e+02
1.6877e+02
1.8445e+02
1.5451e+02
1.5539e+02
1.4317e+02
1.5993e+02
1.4200e+02
1.5842e+02
1.2670e+02
1.7690e+02
1.3735e+02
1.6222e+02
1.5698e+02
1.3671e+02
1.7606e+02
1.6104e+02
1.7671e+02
1.4152e+02
1.9750e+02
1.9688e+02
1.5307e+02
1.5776e+02
1.5523e+02
1.3539e+02
1.6643e+02
1.5314e+02
1.6349e+02
1.7234e+02
1.4347e+02
1.8017e+02
1.8017e+02
1.7509e+02
1.5432e+02
1.4815e+02
1.3975e+02
1.6388e+02
1.7275e+02
1.3553e+02
1.5164e+02
1.6361e+02
1.6202e+02
1.6661e+02
1.6357e+02
1.7709e+02
1.7645e+02
1.4626e+02
1.2691e+02
1.4102e+02
1.4590e+02
1.6140e+02
1.7134e+02
1.6467e+02
1.4063e+02
1.4659e+02
1.2847e+02
1.6195e+02
1.5919e+02
1.6759e+02
1.4615e+02
1.4454e+02
1.6723e+02
1.7130e+02
1.8004e+02
1.7740e+02
1.6306e+02
1.4488e+02
1.4462e+02
1.7876e+02
1.5199e+02
1.6051e+02
1.3233e+02
1.5430e+02
1.5749e+02
1.9324e+02
1.7409e+02
1.6947e+02
1.4662e+02
1.4663e+02
