1.7744e+02
1.6513e+02
1.4982e+02
1.6438e+02
1.7688e+02
1.3434e+02
1.6612e+02
1.8538e+02
1.6915e+02
1.4503e+02
1.6645e+02
1.7716e+02
1.3107e+02
1.7190e+02
1.8151e+02
1.6000e+02
1.5947e+02
1.6237e+02
1.4394e+02
1.8568e+02
1.8500e+02
1.5869e+02
1.5160e+02
1.4030e+02
1.5901e+02
1.7203e+02
1.6835e+02
1.5018e+02
1.3949e+02
1.5044e+02
1.6416e+02
1.3731e+02
1.7318e+02
1.8458e+02
1.5149e+02
1.7382e+02
1.8058e+02
1.8524e+02
1.5173e+02
1.3628e+02
1.5565e+02
1.3319e+02
1.4747e+02
1.6831e+02
1.6955e+02
1.9088e+02
1.6640e+02
1.5557e+02
1.7648e+02
1.6680e+02
1.6253e+02
1.6899e+02
1.6766e+02
1.6136e+02
1.4894e+02
1.6016e+02
1.7635e+02
1.7573e+02
1.5878e+02
1.5607e+02
1.6710e+02
1.7859e+02
1.6052e+02
1.6919e+02
1.5962e+02
1.5387e+02
1.6105e+02
1.6431e+02
1.6039e+02
1.7068e+02
1.7567e+02
1.5523e+02
1.7056e+02
1.6796e+02
1.5752e+02
1.5055e+02
1.3427e+02
1.2447e+02
1.5376e+02
1.4903e+02
1.6804e+02
1.7616e+02
1.7129e+02
1.7773e+02
1.7203e+02
1.6304e+02
1.7595e+02
1.6784e+02
1.6575e+02
1.7403e+02
1.5653e+02
1.6203e+02
1.7007e+02
1.6361e+02
1.7387e+02
1.2660e+02
1.1239e+02
1.5185e+02
1.3872e+02
1.6332e+02
1.6659e+02
1.6943e+02
1.3804e+02
1.5118e+02
1.6074e+02
1.5057e+02
1.5325e+02
1.7765e+02
1.7315e+02
1.6313e+02
1.7439e+02
1.7845e+02
1.7780e+02
1.7742e+02
1.6409e+02
1.6836e+02
1.6403e+02
1.9288e+02
1.7406e+02
1.7856e+02
1.7207e+02
1.6057e+02
1.3706e+02
1.5025e+02
1.8155e+02
1.7664e+02
1.6824e+02
1.8108e+02
1.7978e+02
1.5097e+02
1.8657e+02
1.7243e+02
1.6172e+02
1.5308e+02
1.8153e+02
1.8209e+02
1.7648e+02
1.6034e+02
1.7501e+02
1.3676e+02
1.6982e+02
1.5155e+02
1.6431e+02
1.7433e+02
1.3513e+02
1.2661e+02
1.7717e+02
1.9457e+02
1.7714e+02
1.4258e+02
1.4804e+02
1.5987e+02
1.2963e+02
1.3452e+02
1.5489e+02
1.8546e+02
1.6581e+02
1.7266e+02
1.5750e+02
1.4854e+02
1.8899e+02
1.7581e+02
1.7173e+02
1.6844e+02
1.7305e+02
1.5868e+02
1.5823e+02
1.4086e+02
1.5252e+02
1.6109e+02
1.5486e+02
1.6770e+02
1.8089e+02
1.7424e+02
1.7624e+02
1.7719e+02
1.6303e+02
1.7513e+02
1.3694e+02
1.5986e+02
1.7873e+02
1.6904e+02
1.6365e+02
1.2935e+02
1.5306e+02
1.6923e+02
1.9901e+02
1.8557e+02
1.6621e+02
1.5736e+02
1.5568e+02
1.4972e+02
1.6288e+02
1.5089e+02
1.3743e+02
1.8389e+02
1.7132e+02
2.0753e+02
2.1874e+02
2.2289e+02
1.9306e+02
2.0867e+02
1.9104e+02
1.9852e+02
2.0676e+02
1.8851e+02
2.1199e+02
1.9903e+02
1.9784e+02
1.9465e+02
1.8789e+02
1.8581e+02
1.8367e+02
1.8645e+02
1.9678e+02
1.5778e+02
1.5697e+02
1.6540e+02
1.4396e+02
1.5653e+02
1.5133e+02
1.6490e+02
1.8606e+02
1.7478e+02
1.4829e+02
1.9147e+02
1.2934e+02
1.9199e+02
1.8387e+02
1.6741e+02
1.6689e+02
1.6407e+02
1.7235e+02
1.4679e+02
1.6973e+02
1.6988e+02
1.6206e+02
1.8924e+02
1.6894e+02
1.9002e+02
1.5227e+02
1.4719e+02
1.6206e+02
1.7339e+02
1.7498e+02
1.6683e+02
1.5867e+02
1.7940e+02
1.8270e+02
1.9314e+02
1.4609e+02
1.4749e+02
1.4877e+02
1.7988e+02
1.6104e+02
1.2628e+02
1.7520e+02
1.5883e+02
1.6644e+02
1.4480e+02
1.6722e+02
1.6710e+02
1.8740e+02
1.7898e+02
1.7418e+02
1.8761e+02
1.5437e+02
1.8348e+02
1.7556e+02
1.6284e+02
1.8184e+02
1.9777e+02
1.8895e+02
1.8797e+02
1.5756e+02
1.6039e+02
1.6958e+02
1.7913e+02
1.4558e+02
1.6573e+02
1.5375e+02
1.7440e+02
1.5659e+02
1.8053e+02
1.7532e+02
1.3847e+02
1.3926e+02
1.7863e+02
1.6177e+02
1.6122e+02
1.8084e+02
1.8054e+02
1.7009e+02
1.7891e+02
1.7053e+02
1.7714e+02
1.7875e+02
1.7853e+02
1.4909e+02
1.3896e+02
1.5201e+02
1.7716e+02
1.9128e+02
1.5172e+02
1.8236e+02
1.8084e+02
1.8530e+02
1.6283e+02
1.7167e+02
1.9333e+02
1.9358e+02
1.7271e+02
1.6855e+02
1.5629e+02
2.1149e+02
1.6807e+02
2.1905e+02
2.1253e+02
1.8806e+02
1.9006e+02
1.8923e+02
1.5678e+02
2.0392e+02
1.9032e+02
1.8820e+02
2.1756e+02
2.0619e+02
2.1873e+02
2.0046e+02
2.0304e+02
1.8518e+02
2.1709e+02
1.9615e+02
1.9532e+02
1.9896e+02
1.9901e+02
1.7165e+02
1.7495e+02
1.7645e+02
1.8257e+02
1.9647e+02
1.9944e+02
1.8516e+02
1.8547e+02
1.9775e+02
1.8432e+02
2.1066e+02
1.8290e+02
1.6890e+02
1.6212e+02
1.9969e+02
1.9394e+02
1.9139e+02
1.4647e+02
1.9779e+02
1.9803e+02
1.9605e+02
1.8443e+02
1.7785e+02
1.5275e+02
1.9822e+02
1.7038e+02
1.3848e+02
1.7039e+02
1.8626e+02
1.8989e+02
1.9746e+02
2.0364e+02
2.1432e+02
1.8450e+02
1.7644e+02
2.0940e+02
2.0994e+02
2.0856e+02
1.9035e+02
1.9724e+02
2.0735e+02
2.3338e+02
2.1803e+02
2.5285e+02
2.4329e+02
2.4592e+02
2.6441e+02
2.7165e+02
3.6896e+02
3.5546e+02
2.6531e+02
2.5201e+02
2.3988e+02
2.4998e+02
2.1069e+02
2.2640e+02
1.9803e+02
2.0956e+02
2.2551e+02
2.0540e+02
2.0572e+02
2.0049e+02
2.0064e+02
2.0199e+02
1.7774e+02
1.9522e+02
1.8162e+02
1.9309e+02
1.8268e+02
2.1419e+02
1.8706e+02
2.1374e+02
2.0862e+02
2.0493e+02
2.1694e+02
2.1417e+02
2.0133e+02
2.0205e+02
2.1423e+02
2.4241e+02
2.1938e+02
2.1486e+02
1.9487e+02
1.8971e+02
2.0161e+02
2.0832e+02
2.4133e+02
2.0512e+02
2.1418e+02
2.3612e+02
2.0654e+02
2.1142e+02
2.1309e+02
2.4180e+02
2.4812e+02
2.4577e+02
2.5675e+02
2.5405e+02
2.3315e+02
2.3817e+02
1.9395e+02
2.4285e+02
2.0398e+02
2.1651e+02
2.2922e+02
2.4384e+02
2.0074e+02
2.1822e+02
1.8119e+02
2.3310e+02
2.1308e+02
2.0373e+02
2.1392e+02
2.2673e+02
2.2580e+02
1.8426e+02
2.0534e+02
2.0781e+02
2.1399e+02
1.9302e+02
1.9983e+02
1.6828e+02
1.9254e+02
1.9377e+02
2.0635e+02
2.0434e+02
2.0083e+02
2.1395e+02
2.0476e+02
1.8509e+02
2.1900e+02
2.0346e+02
1.5345e+02
1.6499e+02
1.8428e+02
1.6472e+02
1.9791e+02
1.7621e+02
2.0054e+02
2.0840e+02
1.7397e+02
1.7853e+02
1.8156e+02
1.6306e+02
1.5474e+02
1.2878e+02
1.8987e+02
1.7912e+02
1.9038e+02
2.0617e+02
1.9061e+02
1.9908e+02
2.1690e+02
1.9013e+02
2.1833e+02
1.9536e+02
1.8988e+02
1.8814e+02
1.9013e+02
1.8995e+02
1.7521e+02
1.8178e+02
1.7047e+02
1.6452e+02
1.8023e+02
1.6253e+02
1.6931e+02
1.8988e+02
1.6369e+02
1.7532e+02
1.5714e+02
1.6400e+02
2.0783e+02
2.1729e+02
1.8120e+02
1.8040e+02
1.8985e+02
1.6147e+02
1.7198e+02
1.9588e+02
1.8716e+02
1.9836e+02
1.7474e+02
1.6311e+02
1.8421e+02
1.6890e+02
2.1381e+02
2.0411e+02
1.7538e+02
1.6238e+02
1.8029e+02
1.8693e+02
1.7493e+02
1.9141e+02
1.7308e+02
1.8626e+02
1.7698e+02
1.6835e+02
1.9462e+02
2.0003e+02
1.9162e+02
2.0340e+02
1.6341e+02
1.5128e+02
1.6263e+02
1.6271e+02
1.5669e+02
1.6495e+02
1.6310e+02
1.5900e+02
1.7116e+02
1.9098e+02
1.8751e+02
1.7638e+02
1.8309e+02
1.6283e+02
1.7232e+02
1.8069e+02
1.4801e+02
1.5256e+02
1.8039e+02
1.9425e+02
1.7418e+02
1.2523e+02
1.7766e+02
1.7733e+02
1.7824e+02
1.6092e+02
1.6650e+02
1.5562e+02
1.5415e+02
1.5123e+02
1.3189e+02
1.7924e+02
1.7076e+02
1.6926e+02
1.3130e+02
1.7479e+02
1.7432e+02
1.8134e+02
1.5905e+02
1.7237e+02
1.6587e+02
1.7080e+02
1.8426e+02
1.7364e+02
1.8349e+02
2.0069e+02
1.7524e+02
1.3896e+02
1.6377e+02
1.5636e+02
1.6259e+02
1.4292e+02
1.5870e+02
1.4995e+02
1.4517e+02
1.6836e+02
1.4362e+02
1.4648e+02
1.5693e+02
1.5981e+02
1.7774e+02
1.5203e+02
1.6825e+02
1.4707e+02
1.5527e+02
1.6260e+02
1.4600e+02
1.4970e+02
1.8320e+02
1.6379e+02
1.6499e+02
1.3866e+02
1.3955e+02
1.5868e+02
1.5087e+02
1.3504e+02
1.7354e+02
1.7355e+02
1.4195e+02
1.6968e+02
1.8662e+02
1.5419e+02
1.3014e+02
1.7312e+02
1.7735e+02
1.8654e+02
1.6723e+02
1.6326e+02
1.4775e+02
1.8568e+02
1.8034e+02
1.7076e+02
1.7471e+02
1.7162e+02
1.5385e+02
1.3626e+02
1.5973e+02
1.8079e+02
1.6998e+02
1.7236e+02
1.4738e+02
1.6891e+02
1.4834e+02
1.6658e+02
1.9621e+02
1.6104e+02
1.6056e+02
1.8496e+02
1.3774e+02
1.5577e+02
1.6971e+02
1.8133e+02
1.5655e+02
1.7182e+02
1.8591e+02
1.9253e+02
1.5774e+02
1.7434e+02
1.7633e+02
1.7439e+02
1.4814e+02
1.5962e+02
1.6445e+02
1.4648e+02
1.3291e+02
1.5308e+02
1.5337e+02
1.3466e+02
1.6829e+02
1.5873e+02
1.5970e+02
1.7980e+02
1.6598e+02
1.7080e+02
1.5957e+02
1.5415e+02
1.5916e+02
1.7121e+02
1.6484e+02
1.5679e+02
1.5226e+02
1.7164e+02
1.7987e+02
1.4116e+02
1.7191e+02
1.5783e+02
1.4385e+02
1.6374e+02
1.5974e+02
1.4339e+02
1.7362e+02
1.6581e+02
1.6533e+02
1.6491e+02
1.5036e+02
1.5019e+02
1.8544e+02
1.7528e+02
1.6088e+02
1.5925e+02
1.5679e+02
1.5196e+02
1.5364e+02
1.5396e+02
1.7072e+02
1.7417e+02
1.7070e+02
1.5709e+02
1.6415e+02
1.7963e+02
1.7206e+02
1.6012e+02
1.5404e+02
1.2623e+02
1.3827e+02
1.7790e+02
1.5653e+02
1.5972e+02
1.4712e+02
1.6233e+02
1.5973e+02
1.5831e+02
1.4208e+02
1.6786e+02
1.7270e+02
1.7586e+02
1.5715e+02
1.6978e+02
1.5642e+02
1.4730e+02
1.7259e+02
1.7179e+02
1.6311e+02
1.5756e+02
1.3703e+02
1.6813e+02
1.6088e+02
1.6617e+02
1.6325e+02
1.6824e+02
1.3001e+02
1.7140e+02
1.6262e+02
1.7034e+02
1.6807e+02
1.6577e+02
1.7557e+02
1.6129e+02
1.5750e+02
1.7101e+02
1.8177e+02
1.6458e+02
1.8109e+02
1.7138e+02
1.5695e+02
1.4682e+02
1.4139e+02
1.6662e+02
1.5832e+02
1.7101e+02
1.7217e+02
1.3364e+02
1.4583e+02
1.5154e+02
1.7417e+02
1.7608e+02
1.5451e+02
1.6463e+02
1.4355e+02
1.6760e+02
1.6683e+02
1.6561e+02
1.4422e+02
1.7556e+02
1.9524e+02
1.8001e+02
1.1923e+02
1.7146e+02
1.5373e+02
1.6561e+02
1.7147e+02
1.5727e+02
1.5222e+02
1.7598e+02
1.4631e+02
1.6895e+02
1.5456e+02
1.2748e+02
1.6738e+02
1.7515e+02
1.7990e+02
1.5069e+02
1.5032e+02
1.5999e+02
1.6894e+02
1.5024e+02
1.5640e+02
1.3027e+02
1.7379e+02
1.4527e+02
1.7387e+02
1.7523e+02
1.3977e+02
1.5882e+02
1.6363e+02
1.7459e+02
1.4743e+02
1.8500e+02
1.8660e+02
1.3515e+02
1.6074e+02
1.5208e+02
1.6083e+02
1.6477e+02
1.5547e+02
1.6409e+02
1.7113e+02
1.4571e+02
1.8349e+02
1.6095e+02
1.6903e+02
1.6122e+02
1.5497e+02
1.4600e+02
1.6360e+02
1.7452e+02
1.3828e+02
1.4959e+02
1.5929e+02
1.6429e+02
1.5853e+02
1.5868e+02
1.6382e+02
1.7029e+02
1.5122e+02
1.2922e+02
1.5216e+02
1.5528e+02
1.6674e+02
1.7400e+02
1.7525e+02
1.4120e+02
1.5588e+02
1.4518e+02
1.5536e+02
1.6680e+02
1.6332e+02
1.5812e+02
1.3210e+02
1.6571e+02
1.6722e+02
1.8790e+02
1.7533e+02
1.6304e+02
1.4439e+02
1.5294e+02
1.6801e+02
1.6124e+02
1.6946e+02
1.4393e+02
1.5270e+02
1.5683e+02
1.9497e+02
1.7177e+02
1.6737e+02
1.5714e+02
1.5958e+02
