2.0355e+02
2.0071e+02
1.9358e+02
2.2432e+02
2.1770e+02
1.5660e+02
1.9476e+02
1.8956e+02
2.0757e+02
2.0565e+02
1.9811e+02
2.2165e+02
2.1955e+02
1.8598e+02
1.9410e+02
2.1117e+02
1.6890e+02
2.0781e+02
2.1371e+02
2.0041e+02
2.0367e+02
1.7276e+02
2.1106e+02
1.7920e+02
1.9515e+02
1.9689e+02
2.0968e+02
1.8158e+02
1.8516e+02
1.9535e+02
1.7184e+02
1.9612e+02
1.9468e+02
2.1080e+02
1.8795e+02
1.7380e+02
1.6518e+02
1.9488e+02
2.0328e+02
1.8575e+02
1.7863e+02
2.0668e+02
1.9856e+02
1.8978e+02
1.9816e+02
1.8368e+02
1.9636e+02
1.9562e+02
2.0184e+02
2.0834e+02
1.9013e+02
2.1851e+02
2.1537e+02
2.1601e+02
2.1945e+02
1.9824e+02
1.8076e+02
1.7373e+02
1.4977e+02
2.1577e+02
2.0446e+02
1.8617e+02
1.8736e+02
1.9945e+02
2.0134e+02
1.9871e+02
1.8213e+02
1.8406e+02
2.0417e+02
1.6944e+02
1.8565e+02
1.6538e+02
1.5379e+02
1.8045e+02
2.0097e+02
1.9401e+02
1.9539e+02
1.8399e+02
2.0258e+02
1.8616e+02
1.8978e+02
1.6560e+02
1.9335e+02
2.2237e+02
1.8106e+02
2.1412e+02
2.2675e+02
2.0336e+02
1.9195e+02
1.8730e+02
2.1916e+02
2.1860e+02
1.8120e+02
2.1776e+02
2.1402e+02
2.3005e+02
2.1794e+02
2.2668e+02
2.1988e+02
2.0240e+02
1.7570e+02
1.8761e+02
1.7591e+02
2.1010e+02
2.2932e+02
2.1390e+02
2.0342e+02
1.8762e+02
1.6560e+02
1.4695e+02
1.8930e+02
2.1345e+02
1.7608e+02
1.8121e+02
1.8102e+02
2.0624e+02
1.9798e+02
1.9130e+02
1.7727e+02
1.7648e+02
2.0365e+02
2.1610e+02
2.0124e+02
1.8564e+02
2.2479e+02
2.0661e+02
2.0482e+02
1.6911e+02
1.9503e+02
1.7155e+02
1.8045e+02
2.0008e+02
2.0907e+02
1.8101e+02
2.0334e+02
2.1969e+02
1.7560e+02
2.1370e+02
2.3158e+02
2.2438e+02
2.0261e+02
2.0599e+02
2.1304e+02
2.2051e+02
1.9537e+02
1.9621e+02
1.6354e+02
1.7420e+02
1.4368e+02
1.8923e+02
2.0118e+02
1.5590e+02
1.8310e+02
1.9547e+02
2.1475e+02
1.8609e+02
2.2563e+02
2.2497e+02
2.0125e+02
1.9177e+02
1.8724e+02
1.7801e+02
1.8798e+02
2.0972e+02
1.9417e+02
1.9123e+02
1.8375e+02
2.0681e+02
2.1805e+02
1.9086e+02
1.6515e+02
1.7718e+02
1.8100e+02
1.7020e+02
1.8513e+02
1.6354e+02
1.9004e+02
1.9068e+02
2.1357e+02
2.0739e+02
1.9568e+02
2.1150e+02
2.0399e+02
1.9974e+02
1.8079e+02
1.9679e+02
1.9810e+02
1.8025e+02
1.9752e+02
1.9759e+02
2.1840e+02
2.6058e+02
2.5238e+02
2.2032e+02
2.2187e+02
1.9479e+02
2.1205e+02
2.1207e+02
2.2686e+02
2.2872e+02
2.2596e+02
1.9083e+02
2.0006e+02
2.1192e+02
1.9855e+02
1.8512e+02
2.3255e+02
2.3193e+02
2.0678e+02
2.2091e+02
1.9877e+02
1.9860e+02
2.1485e+02
2.2502e+02
2.0819e+02
1.9982e+02
2.0870e+02
2.1386e+02
2.0901e+02
1.9758e+02
1.9408e+02
1.9725e+02
1.7085e+02
1.9793e+02
1.8968e+02
2.1364e+02
2.2398e+02
2.1007e+02
1.9817e+02
1.7648e+02
2.0483e+02
1.8983e+02
2.0267e+02
2.1200e+02
2.1666e+02
2.0339e+02
1.8358e+02
1.9585e+02
1.8597e+02
2.1134e+02
1.8444e+02
2.0911e+02
1.6339e+02
1.9766e+02
2.0796e+02
1.9432e+02
1.9900e+02
2.0462e+02
2.1196e+02
2.0675e+02
2.1106e+02
1.9169e+02
2.1522e+02
1.9122e+02
1.9845e+02
1.7899e+02
2.0496e+02
2.1021e+02
2.2233e+02
2.1811e+02
2.1399e+02
1.9850e+02
2.0158e+02
2.0564e+02
2.0600e+02
2.0896e+02
2.1450e+02
1.7652e+02
2.2418e+02
2.1805e+02
2.1194e+02
1.8864e+02
2.0554e+02
1.9832e+02
1.9460e+02
1.5110e+02
2.0583e+02
2.0752e+02
1.7246e+02
1.9584e+02
1.8802e+02
2.1050e+02
2.2854e+02
2.1881e+02
2.0108e+02
1.9153e+02
2.3039e+02
2.0144e+02
2.0999e+02
2.0359e+02
2.0339e+02
1.7611e+02
1.5435e+02
1.9645e+02
2.0086e+02
2.0290e+02
2.0611e+02
2.1641e+02
2.1436e+02
1.8700e+02
2.0776e+02
2.3229e+02
2.1999e+02
2.1746e+02
2.3382e+02
2.3087e+02
2.4020e+02
2.0665e+02
2.1337e+02
2.2035e+02
2.1305e+02
2.3790e+02
2.1814e+02
2.1570e+02
2.3891e+02
2.3530e+02
2.0551e+02
2.2370e+02
2.2744e+02
2.1025e+02
2.3982e+02
2.3167e+02
2.3119e+02
2.0186e+02
2.2635e+02
2.1448e+02
2.1853e+02
2.4966e+02
2.4502e+02
2.2450e+02
2.4326e+02
2.3578e+02
2.1563e+02
2.2147e+02
2.1840e+02
2.3774e+02
2.2746e+02
2.2899e+02
2.4102e+02
2.4598e+02
2.1531e+02
2.3473e+02
2.5630e+02
2.2845e+02
2.3255e+02
2.3149e+02
2.2862e+02
2.2876e+02
2.3257e+02
2.3579e+02
2.3892e+02
2.3442e+02
2.0414e+02
2.3768e+02
2.3512e+02
2.2126e+02
2.1386e+02
2.3973e+02
2.5567e+02
2.7831e+02
2.5226e+02
2.1885e+02
2.4389e+02
2.5133e+02
2.5718e+02
2.7318e+02
2.7948e+02
3.1472e+02
3.3106e+02
3.5846e+02
4.1587e+02
4.7483e+02
4.1515e+02
2.9046e+02
3.0327e+02
3.0144e+02
2.5628e+02
2.6949e+02
2.5514e+02
2.4446e+02
2.6005e+02
2.6301e+02
2.1871e+02
2.0212e+02
2.5102e+02
2.5143e+02
2.5922e+02
2.4454e+02
2.4407e+02
2.4051e+02
2.5046e+02
2.3686e+02
2.4065e+02
2.3500e+02
2.1129e+02
2.7803e+02
2.4084e+02
2.2248e+02
2.7273e+02
2.2440e+02
2.6040e+02
2.4171e+02
2.5938e+02
2.5590e+02
2.6617e+02
2.5982e+02
2.5392e+02
2.8936e+02
2.8189e+02
2.3395e+02
2.8629e+02
2.3214e+02
2.7500e+02
2.5840e+02
2.7853e+02
2.6116e+02
2.8669e+02
2.9898e+02
2.7284e+02
2.3483e+02
2.7664e+02
2.9903e+02
3.4800e+02
3.3840e+02
3.0893e+02
3.1576e+02
2.7023e+02
3.0511e+02
2.6621e+02
2.6827e+02
2.8250e+02
2.5223e+02
2.3235e+02
2.7876e+02
2.4980e+02
2.8466e+02
2.3932e+02
2.5040e+02
2.3486e+02
2.5152e+02
2.3972e+02
2.4207e+02
2.4608e+02
2.4346e+02
2.2279e+02
2.4538e+02
2.5965e+02
2.5132e+02
2.3787e+02
2.1248e+02
2.5705e+02
2.5371e+02
2.1077e+02
2.3364e+02
2.1000e+02
2.2339e+02
2.3123e+02
2.2124e+02
2.2183e+02
2.0552e+02
2.5624e+02
2.2568e+02
2.5418e+02
2.4724e+02
2.6692e+02
2.5152e+02
1.7855e+02
2.3558e+02
2.3720e+02
2.4193e+02
2.4054e+02
2.3884e+02
1.8228e+02
2.3513e+02
2.3053e+02
1.6420e+02
2.4304e+02
2.2955e+02
2.4033e+02
2.1985e+02
2.0361e+02
2.4252e+02
2.4059e+02
2.0041e+02
2.1360e+02
2.2786e+02
1.9720e+02
2.1481e+02
2.2917e+02
2.1926e+02
2.3177e+02
2.2085e+02
1.9829e+02
1.9619e+02
2.1954e+02
2.0226e+02
2.1199e+02
2.2777e+02
1.8038e+02
2.2994e+02
2.1034e+02
2.1880e+02
2.4415e+02
2.0666e+02
2.2932e+02
1.8454e+02
2.0091e+02
2.2108e+02
2.3392e+02
2.0651e+02
2.0416e+02
2.1535e+02
2.1409e+02
2.3238e+02
2.2230e+02
2.3251e+02
2.5574e+02
2.2013e+02
2.2564e+02
2.2728e+02
1.9820e+02
2.3329e+02
2.4214e+02
2.0167e+02
2.2332e+02
2.0925e+02
2.1691e+02
1.9458e+02
1.9234e+02
2.2356e+02
2.1483e+02
1.8913e+02
1.9398e+02
1.9833e+02
1.9315e+02
1.9884e+02
1.8762e+02
1.7907e+02
2.1304e+02
2.0539e+02
1.8874e+02
1.8552e+02
1.9543e+02
1.8953e+02
1.9824e+02
2.2206e+02
2.0580e+02
2.1526e+02
2.1874e+02
2.2096e+02
2.2296e+02
2.1549e+02
1.7535e+02
2.0819e+02
2.0890e+02
2.0359e+02
2.0265e+02
2.2511e+02
2.1969e+02
2.0220e+02
2.1030e+02
2.0076e+02
2.0641e+02
1.9935e+02
2.0780e+02
2.1242e+02
1.9516e+02
1.8319e+02
2.1903e+02
1.7992e+02
2.1392e+02
2.0236e+02
1.7007e+02
2.0437e+02
1.6610e+02
1.7596e+02
1.8680e+02
2.0932e+02
1.9673e+02
1.7940e+02
2.1373e+02
2.0613e+02
2.1079e+02
1.8631e+02
1.9180e+02
1.7853e+02
1.7334e+02
1.8949e+02
1.9670e+02
2.1062e+02
1.9643e+02
2.1125e+02
1.9729e+02
1.9507e+02
1.8495e+02
2.0800e+02
2.0362e+02
1.8569e+02
2.1935e+02
2.1017e+02
2.0130e+02
2.2285e+02
1.8986e+02
2.0883e+02
2.0632e+02
1.8873e+02
1.9882e+02
1.9310e+02
2.0406e+02
1.8934e+02
2.1889e+02
2.0858e+02
2.0036e+02
2.2536e+02
2.3460e+02
2.1697e+02
2.0169e+02
1.7407e+02
1.8337e+02
1.9791e+02
1.8234e+02
2.1164e+02
2.0139e+02
1.9886e+02
1.9756e+02
1.9020e+02
1.9961e+02
1.8453e+02
1.9393e+02
2.0276e+02
2.1352e+02
2.0560e+02
2.0540e+02
2.0921e+02
1.9608e+02
1.8167e+02
1.6020e+02
1.9090e+02
2.3019e+02
2.3689e+02
2.1117e+02
1.8296e+02
1.5702e+02
1.9426e+02
1.8402e+02
2.0984e+02
1.9965e+02
1.9518e+02
1.9258e+02
1.5640e+02
2.0627e+02
2.1599e+02
1.8309e+02
1.7104e+02
1.8758e+02
2.0050e+02
2.0741e+02
2.1019e+02
2.0544e+02
1.9567e+02
2.2323e+02
2.1355e+02
1.8830e+02
1.8266e+02
1.9656e+02
2.1043e+02
1.9514e+02
2.2713e+02
1.9690e+02
1.6601e+02
1.8205e+02
1.7457e+02
1.9668e+02
1.7826e+02
1.9573e+02
2.0580e+02
1.9633e+02
2.0196e+02
2.0111e+02
1.9935e+02
1.8005e+02
1.8046e+02
1.9066e+02
1.9864e+02
2.0816e+02
2.1412e+02
2.1331e+02
2.1589e+02
1.8206e+02
1.8634e+02
1.9389e+02
2.0684e+02
2.0565e+02
1.9925e+02
1.9522e+02
1.9157e+02
1.6651e+02
1.9152e+02
2.1693e+02
2.1022e+02
2.0390e+02
1.8939e+02
1.5261e+02
1.8642e+02
1.8592e+02
1.9229e+02
1.7725e+02
1.8788e+02
1.8919e+02
1.9491e+02
1.9654e+02
1.8565e+02
1.9459e+02
2.0190e+02
1.5897e+02
1.6577e+02
1.7994e+02
1.9713e+02
1.6862e+02
1.7332e+02
1.8906e+02
1.7970e+02
1.7287e+02
1.8359e+02
1.7255e+02
1.6678e+02
2.0177e+02
1.6090e+02
1.8318e+02
1.7488e+02
1.8918e+02
1.6680e+02
1.8215e+02
1.8711e+02
2.1008e+02
2.1897e+02
2.3864e+02
2.1870e+02
1.7799e+02
1.9348e+02
2.0548e+02
1.7466e+02
2.0070e+02
1.8013e+02
2.1011e+02
1.9106e+02
1.9237e+02
2.0508e+02
1.6817e+02
2.0639e+02
2.0777e+02
1.9915e+02
1.7271e+02
1.7861e+02
2.0916e+02
1.9358e+02
2.1075e+02
2.0847e+02
1.9596e+02
1.9448e+02
1.8230e+02
2.1596e+02
2.0460e+02
2.0904e+02
2.2009e+02
1.8665e+02
1.9637e+02
1.9367e+02
2.1126e+02
1.8858e+02
1.7535e+02
1.9626e+02
1.7664e+02
2.0722e+02
1.8364e+02
2.0544e+02
2.2763e+02
1.7555e+02
1.8867e+02
1.5640e+02
1.6026e+02
1.9408e+02
2.0945e+02
2.1148e+02
1.6874e+02
2.0132e+02
1.9543e+02
1.8549e+02
2.1245e+02
2.2652e+02
1.9924e+02
1.9369e+02
2.0045e+02
1.9803e+02
1.6739e+02
2.0916e+02
2.2074e+02
2.0550e+02
2.0519e+02
2.0425e+02
2.1442e+02
1.9461e+02
1.9404e+02
1.9423e+02
1.7844e+02
1.9631e+02
1.8612e+02
2.0484e+02
1.8009e+02
2.1664e+02
2.1211e+02
2.0263e+02
1.8322e+02
1.9254e+02
1.8187e+02
1.9551e+02
2.0603e+02
1.7618e+02
1.8229e+02
1.7231e+02
1.5834e+02
1.6468e+02
2.0386e+02
1.8005e+02
1.8652e+02
1.9087e+02
1.7290e+02
1.8073e+02
1.8856e+02
1.9194e+02
1.8611e+02
1.7054e+02
1.5289e+02
1.8099e+02
2.1636e+02
2.1332e+02
2.0234e+02
1.5768e+02
2.2632e+02
2.1531e+02
2.1265e+02
2.3275e+02
2.1490e+02
1.7904e+02
1.9384e+02
