1.8838e+02
1.9970e+02
1.8405e+02
1.7631e+02
1.5897e+02
1.7646e+02
1.7446e+02
1.8532e+02
1.8691e+02
1.7400e+02
1.8082e+02
1.8622e+02
1.8919e+02
1.8144e+02
1.5821e+02
1.8802e+02
1.8227e+02
1.5630e+02
1.8105e+02
1.7883e+02
1.9129e+02
1.8048e+02
1.5913e+02
1.6582e+02
1.8043e+02
1.5077e+02
1.8511e+02
1.5642e+02
1.7485e+02
1.8694e+02
1.7336e+02
1.6242e+02
1.4227e+02
1.6489e+02
1.9370e+02
1.9574e+02
1.6241e+02
1.8459e+02
1.7460e+02
1.5662e+02
1.7156e+02
1.8142e+02
1.8102e+02
1.6753e+02
1.8532e+02
1.8605e+02
1.7482e+02
1.7883e+02
1.8212e+02
1.8441e+02
2.0434e+02
1.8918e+02
1.8472e+02
1.8136e+02
1.8147e+02
1.7014e+02
1.8648e+02
1.8822e+02
1.6433e+02
1.7491e+02
1.7860e+02
1.7175e+02
1.8596e+02
1.9969e+02
1.9015e+02
1.5833e+02
1.7898e+02
1.5733e+02
1.6798e+02
1.3767e+02
1.8104e+02
1.8413e+02
1.7765e+02
1.9352e+02
1.7255e+02
1.9512e+02
1.9374e+02
1.8604e+02
1.7908e+02
1.6135e+02
1.6215e+02
1.5931e+02
1.8220e+02
1.7558e+02
1.6007e+02
1.8460e+02
1.9793e+02
1.8479e+02
1.6634e+02
1.9911e+02
1.7978e+02
1.7597e+02
1.5456e+02
1.9150e+02
1.9154e+02
1.7728e+02
1.8225e+02
1.9203e+02
1.7298e+02
1.9625e+02
1.8332e+02
1.6247e+02
1.7479e+02
1.7665e+02
1.6845e+02
1.6643e+02
1.8806e+02
2.0329e+02
1.3861e+02
1.6411e+02
1.5439e+02
1.7600e+02
1.9126e+02
1.8265e+02
1.7443e+02
1.8900e+02
1.8357e+02
1.6930e+02
1.8357e+02
1.9344e+02
1.8206e+02
1.7875e+02
1.7096e+02
1.5555e+02
1.7433e+02
1.4757e+02
1.8945e+02
1.6668e+02
1.9209e+02
1.9177e+02
1.9651e+02
1.7604e+02
1.5848e+02
1.9070e+02
1.6167e+02
1.7762e+02
1.8435e+02
1.6075e+02
1.8667e+02
1.7389e+02
1.9174e+02
1.8589e+02
2.0183e+02
1.6230e+02
1.8232e+02
1.8349e+02
1.7899e+02
1.7438e+02
1.6622e+02
1.7607e+02
1.8089e+02
1.7724e+02
1.9047e+02
1.9447e+02
1.6831e+02
1.6398e+02
1.7120e+02
1.7836e+02
1.7152e+02
1.7970e+02
1.6587e+02
1.7026e+02
1.4137e+02
1.7526e+02
1.7156e+02
1.7263e+02
1.4948e+02
1.5616e+02
1.9677e+02
1.8475e+02
1.7215e+02
1.8738e+02
1.8279e+02
1.7750e+02
1.6110e+02
1.7514e+02
1.8510e+02
1.8307e+02
1.9553e+02
2.0211e+02
1.8409e+02
1.9007e+02
1.8083e+02
1.9275e+02
1.8184e+02
1.9353e+02
1.9289e+02
1.8862e+02
1.9050e+02
1.7266e+02
1.8447e+02
1.8472e+02
1.9388e+02
1.6325e+02
1.5390e+02
1.8350e+02
2.1783e+02
1.8307e+02
2.3200e+02
2.6492e+02
2.3007e+02
2.1114e+02
1.9143e+02
1.6191e+02
1.9865e+02
2.1245e+02
1.9055e+02
2.0100e+02
1.9080e+02
1.9182e+02
1.9416e+02
1.7328e+02
1.9572e+02
1.9982e+02
1.8619e+02
1.8027e+02
1.8973e+02
1.8942e+02
1.8442e+02
1.5949e+02
1.6867e+02
1.8541e+02
2.1096e+02
2.1879e+02
2.0775e+02
1.9408e+02
1.9776e+02
2.0161e+02
1.8481e+02
1.4326e+02
1.6256e+02
1.9564e+02
1.8954e+02
1.9156e+02
1.9130e+02
1.8767e+02
2.0306e+02
2.0020e+02
1.8003e+02
1.7007e+02
1.4828e+02
1.6995e+02
1.8768e+02
1.8072e+02
1.7417e+02
1.6756e+02
1.7735e+02
1.8920e+02
2.0872e+02
2.0271e+02
1.8719e+02
1.6869e+02
1.8909e+02
1.7727e+02
1.8577e+02
1.9075e+02
1.6263e+02
1.9782e+02
1.9922e+02
1.8907e+02
1.9763e+02
2.0567e+02
1.8230e+02
1.5947e+02
1.7433e+02
1.5977e+02
1.8343e+02
1.7483e+02
1.9075e+02
1.7935e+02
1.7673e+02
1.9819e+02
1.8777e+02
1.5802e+02
1.8370e+02
1.7711e+02
1.9042e+02
2.0891e+02
1.9702e+02
1.6694e+02
1.9919e+02
2.1660e+02
2.0491e+02
1.8917e+02
1.6356e+02
2.0248e+02
2.0317e+02
2.0570e+02
1.9039e+02
1.9942e+02
1.6487e+02
1.8045e+02
1.8940e+02
2.1456e+02
2.1457e+02
1.8620e+02
1.7857e+02
2.0955e+02
2.0841e+02
2.1123e+02
2.1914e+02
2.4453e+02
2.2086e+02
2.3987e+02
2.3550e+02
2.2266e+02
2.1336e+02
2.1970e+02
2.0649e+02
2.2276e+02
2.2671e+02
2.4408e+02
2.2183e+02
2.1215e+02
2.4466e+02
2.2741e+02
2.4440e+02
2.1909e+02
1.8928e+02
2.4595e+02
2.2579e+02
2.3129e+02
2.1134e+02
1.8550e+02
2.1506e+02
2.3731e+02
2.4493e+02
2.3879e+02
2.3881e+02
2.2125e+02
1.6904e+02
2.3073e+02
2.0260e+02
1.9059e+02
2.4921e+02
2.5303e+02
2.3822e+02
2.4105e+02
2.5110e+02
2.5190e+02
2.0389e+02
1.9874e+02
2.0924e+02
2.3322e+02
2.3874e+02
2.1937e+02
2.4216e+02
2.3496e+02
2.1572e+02
2.1802e+02
2.0215e+02
2.1418e+02
2.2703e+02
2.1463e+02
2.4402e+02
2.2654e+02
2.2356e+02
2.0238e+02
2.1529e+02
2.1380e+02
2.0631e+02
2.1697e+02
1.6711e+02
1.7908e+02
1.6968e+02
1.9111e+02
1.6257e+02
2.1377e+02
2.1140e+02
2.0535e+02
1.8622e+02
1.7548e+02
1.9650e+02
1.9139e+02
1.8555e+02
1.9010e+02
2.0477e+02
2.1914e+02
1.8120e+02
1.8878e+02
1.9981e+02
2.0555e+02
2.1139e+02
2.8158e+02
3.1070e+02
2.4134e+02
1.9822e+02
1.8663e+02
1.9338e+02
2.2726e+02
2.2969e+02
2.0972e+02
2.0271e+02
2.1007e+02
1.8833e+02
2.1588e+02
2.0987e+02
1.9686e+02
2.0503e+02
2.0017e+02
2.2315e+02
1.9020e+02
2.2248e+02
2.1388e+02
2.1694e+02
2.2369e+02
2.1665e+02
2.5338e+02
2.1741e+02
2.4663e+02
2.4994e+02
2.3493e+02
2.1762e+02
2.3221e+02
2.4114e+02
2.5426e+02
2.3391e+02
2.2839e+02
2.2531e+02
2.3893e+02
2.5761e+02
2.5592e+02
2.3959e+02
2.4354e+02
2.0211e+02
2.4915e+02
2.3905e+02
2.7757e+02
2.5410e+02
2.8821e+02
2.6106e+02
2.5158e+02
2.0494e+02
2.6977e+02
2.6749e+02
2.7854e+02
2.4254e+02
2.9444e+02
2.5619e+02
2.8289e+02
2.7109e+02
2.5102e+02
2.3123e+02
2.5596e+02
2.5651e+02
2.6520e+02
2.5802e+02
2.5549e+02
2.1424e+02
2.4544e+02
2.3575e+02
2.4812e+02
2.2761e+02
2.2910e+02
2.2561e+02
2.2498e+02
2.1686e+02
2.2546e+02
2.4936e+02
2.4239e+02
2.3008e+02
2.3041e+02
2.3030e+02
2.4112e+02
2.4422e+02
2.2553e+02
2.3165e+02
2.3529e+02
1.8710e+02
2.0634e+02
2.1169e+02
1.8542e+02
2.0031e+02
2.2297e+02
2.1523e+02
2.0039e+02
2.0198e+02
2.1525e+02
1.8206e+02
1.8921e+02
2.0156e+02
2.0080e+02
2.2787e+02
2.3146e+02
2.3376e+02
2.3883e+02
2.2331e+02
2.1249e+02
2.1378e+02
2.2232e+02
2.0731e+02
2.0892e+02
1.8029e+02
1.8330e+02
1.7807e+02
1.6814e+02
1.9676e+02
1.8549e+02
1.7041e+02
1.8461e+02
2.0933e+02
2.0391e+02
1.8735e+02
2.0289e+02
1.9482e+02
2.0310e+02
1.9950e+02
1.7703e+02
1.9162e+02
1.8559e+02
1.7338e+02
1.6620e+02
2.0865e+02
1.7544e+02
2.0020e+02
2.3401e+02
2.1054e+02
2.1541e+02
1.8687e+02
1.8419e+02
2.3056e+02
2.2429e+02
2.1842e+02
2.0915e+02
1.9453e+02
2.0690e+02
2.1716e+02
2.2365e+02
1.8681e+02
2.0532e+02
2.1760e+02
2.1927e+02
1.9647e+02
2.2699e+02
2.5333e+02
2.3488e+02
2.5816e+02
2.4138e+02
2.4077e+02
2.2781e+02
2.3737e+02
2.5038e+02
2.2388e+02
2.3461e+02
1.8660e+02
2.1330e+02
2.1310e+02
2.2966e+02
2.2542e+02
1.8230e+02
2.1200e+02
2.4539e+02
2.4188e+02
2.2152e+02
1.9955e+02
2.0431e+02
2.4581e+02
2.3457e+02
2.1421e+02
2.0709e+02
2.4008e+02
2.5272e+02
2.1840e+02
2.1419e+02
2.1393e+02
2.1064e+02
2.0426e+02
2.1845e+02
1.9211e+02
2.1606e+02
1.9208e+02
2.2987e+02
2.2107e+02
1.9571e+02
1.8694e+02
1.8309e+02
1.9706e+02
1.9092e+02
1.8762e+02
1.9621e+02
2.0258e+02
1.3947e+02
1.5066e+02
2.0738e+02
2.0628e+02
2.0508e+02
1.6051e+02
1.7026e+02
1.7923e+02
1.9522e+02
2.1636e+02
1.8272e+02
2.0142e+02
1.7441e+02
1.8383e+02
1.9272e+02
2.0020e+02
1.8934e+02
1.9305e+02
2.0548e+02
1.6328e+02
1.8973e+02
1.8225e+02
1.8524e+02
1.7819e+02
1.6982e+02
1.9064e+02
1.6491e+02
1.8462e+02
1.8731e+02
1.5897e+02
1.7450e+02
1.7793e+02
1.6959e+02
1.7583e+02
1.7857e+02
1.7669e+02
1.9786e+02
1.8875e+02
2.0423e+02
1.8579e+02
1.7213e+02
1.5761e+02
1.9757e+02
1.7103e+02
1.7918e+02
1.8725e+02
1.8655e+02
1.7161e+02
1.7478e+02
1.8220e+02
1.6591e+02
1.5290e+02
1.8914e+02
2.1097e+02
2.0006e+02
1.8589e+02
1.8785e+02
1.8886e+02
2.0780e+02
1.8336e+02
1.7888e+02
1.9055e+02
1.7965e+02
1.8236e+02
1.8309e+02
1.8052e+02
1.6744e+02
1.8399e+02
2.0127e+02
2.0238e+02
1.5211e+02
1.8508e+02
1.7289e+02
1.6896e+02
1.7747e+02
1.8930e+02
1.6202e+02
1.8871e+02
1.8122e+02
1.7771e+02
1.7464e+02
1.7371e+02
1.9539e+02
2.0753e+02
2.0453e+02
1.9296e+02
1.6962e+02
1.8456e+02
1.9392e+02
1.8169e+02
1.9442e+02
1.6915e+02
1.5432e+02
1.9060e+02
1.9621e+02
1.9443e+02
1.6197e+02
1.8243e+02
1.6695e+02
1.8446e+02
1.8088e+02
1.8143e+02
1.9817e+02
1.9183e+02
2.0297e+02
1.9092e+02
1.9152e+02
1.5342e+02
1.7323e+02
1.8400e+02
1.7880e+02
1.8456e+02
1.9460e+02
1.6859e+02
2.0425e+02
2.1030e+02
1.7272e+02
1.6052e+02
1.8100e+02
1.7982e+02
1.9912e+02
1.6121e+02
1.7592e+02
1.8520e+02
1.5526e+02
1.5119e+02
1.9713e+02
1.8685e+02
1.7304e+02
1.6799e+02
1.7398e+02
1.8091e+02
1.6088e+02
1.9004e+02
2.0093e+02
1.9982e+02
1.6696e+02
1.9179e+02
1.9378e+02
1.6135e+02
1.5555e+02
1.9357e+02
1.7811e+02
1.9102e+02
1.7759e+02
1.9476e+02
1.9727e+02
1.8268e+02
1.8421e+02
1.7750e+02
1.6736e+02
1.6983e+02
1.8202e+02
1.9385e+02
1.8484e+02
1.7456e+02
1.8729e+02
1.5894e+02
1.5306e+02
1.8305e+02
1.8911e+02
1.8397e+02
1.9218e+02
1.8714e+02
1.7038e+02
1.6093e+02
1.6357e+02
1.8072e+02
1.8505e+02
1.8109e+02
1.7386e+02
1.8001e+02
1.5875e+02
1.8571e+02
1.7840e+02
1.8063e+02
1.8376e+02
1.5546e+02
1.6549e+02
1.8007e+02
1.7963e+02
1.7257e+02
1.5370e+02
1.9986e+02
1.9294e+02
1.6409e+02
1.9561e+02
1.8035e+02
1.9654e+02
1.8068e+02
1.9905e+02
1.8165e+02
1.7799e+02
2.0056e+02
1.8132e+02
1.7087e+02
1.4090e+02
1.7160e+02
1.9202e+02
1.9475e+02
1.9664e+02
1.6792e+02
1.7450e+02
1.9907e+02
1.8900e+02
1.8167e+02
1.8838e+02
1.8126e+02
2.0006e+02
1.9449e+02
1.7710e+02
1.7277e+02
1.3754e+02
1.5661e+02
1.7812e+02
1.7414e+02
1.6093e+02
1.5546e+02
1.5081e+02
1.9827e+02
2.0049e+02
1.9248e+02
1.7233e+02
1.8489e+02
1.9176e+02
1.6156e+02
1.6653e+02
1.8119e+02
1.9126e+02
1.9179e+02
2.0887e+02
2.0408e+02
1.8041e+02
1.8987e+02
1.8595e+02
2.0054e+02
1.7378e+02
1.5333e+02
2.0047e+02
1.8755e+02
1.8470e+02
1.7265e+02
1.7684e+02
2.0350e+02
2.0473e+02
1.8572e+02
2.0457e+02
1.8386e+02
1.7285e+02
1.7535e+02
1.9038e+02
1.8322e+02
1.9281e+02
1.8863e+02
1.8937e+02
1.8402e+02
1.5837e+02
1.8298e+02
1.8537e+02
1.7234e+02
1.6141e+02
1.6689e+02
1.5790e+02
1.6293e+02
1.6772e+02
1.4929e+02
1.6350e+02
1.7805e+02
1.6593e+02
1.7800e+02
1.8544e+02
1.7132e+02
1.6025e+02
1.9623e+02
1.7644e+02
1.9130e+02
1.9361e+02
1.7314e+02
1.7929e+02
1.9179e+02
1.7677e+02
1.6055e+02
1.6702e+02
1.8006e+02
