1.8860e+02
1.8890e+02
1.8354e+02
1.7598e+02
1.9362e+02
1.6370e+02
1.8627e+02
2.0048e+02
1.7756e+02
1.6000e+02
1.8510e+02
1.7868e+02
1.6908e+02
1.8411e+02
1.7996e+02
1.7762e+02
1.6644e+02
1.9319e+02
1.9047e+02
1.6536e+02
1.8794e+02
1.7437e+02
1.6923e+02
1.7839e+02
1.7922e+02
1.8623e+02
1.8915e+02
1.9524e+02
1.8183e+02
1.5404e+02
1.5911e+02
1.7605e+02
1.7472e+02
1.7157e+02
1.6935e+02
1.8304e+02
1.7882e+02
1.7115e+02
1.9755e+02
1.9105e+02
1.7708e+02
1.6487e+02
1.6452e+02
1.7073e+02
1.8220e+02
1.5696e+02
1.7840e+02
1.7806e+02
1.6902e+02
1.9165e+02
1.8553e+02
1.8353e+02
1.9576e+02
1.9890e+02
1.7307e+02
1.4533e+02
1.8352e+02
1.9548e+02
1.9374e+02
1.7675e+02
1.8048e+02
1.7522e+02
1.8229e+02
2.0350e+02
1.9064e+02
1.7629e+02
1.8086e+02
1.7677e+02
1.6896e+02
1.7629e+02
1.7917e+02
1.6335e+02
1.8451e+02
1.8715e+02
1.7670e+02
1.7918e+02
2.0041e+02
1.7725e+02
1.6633e+02
1.7803e+02
1.5518e+02
1.6809e+02
1.9399e+02
1.8342e+02
1.4602e+02
1.8424e+02
1.9558e+02
2.0173e+02
1.8717e+02
1.8964e+02
1.8943e+02
1.9108e+02
1.8283e+02
1.8577e+02
1.8078e+02
1.6732e+02
1.7670e+02
2.0461e+02
2.0942e+02
1.5749e+02
1.8039e+02
1.9863e+02
1.9091e+02
1.9931e+02
1.8915e+02
1.7423e+02
1.9293e+02
2.0415e+02
1.6855e+02
1.6554e+02
1.7588e+02
1.8117e+02
1.7962e+02
1.6678e+02
1.9012e+02
1.8972e+02
1.7475e+02
1.8139e+02
1.7491e+02
1.9956e+02
1.7790e+02
1.7938e+02
1.7179e+02
1.7822e+02
2.0024e+02
1.6250e+02
1.9872e+02
1.7785e+02
1.6493e+02
1.7847e+02
1.7548e+02
1.9269e+02
1.8386e+02
1.7981e+02
1.6152e+02
1.7129e+02
1.6502e+02
1.8354e+02
1.8798e+02
1.7459e+02
1.8720e+02
1.7829e+02
1.9433e+02
1.4688e+02
1.9356e+02
2.0390e+02
1.9775e+02
1.8461e+02
1.8114e+02
1.9518e+02
1.7521e+02
1.8269e+02
1.7446e+02
1.8490e+02
1.7273e+02
2.0252e+02
1.8619e+02
1.8176e+02
1.7501e+02
1.8740e+02
1.6880e+02
1.6228e+02
1.7062e+02
1.9912e+02
1.9086e+02
1.6649e+02
1.9807e+02
1.8637e+02
1.9192e+02
1.6482e+02
1.8139e+02
1.7169e+02
1.7752e+02
1.6026e+02
1.6871e+02
1.8068e+02
1.7168e+02
1.7195e+02
1.8711e+02
1.8177e+02
1.8640e+02
1.9698e+02
2.0084e+02
2.1867e+02
1.6081e+02
1.5522e+02
1.9028e+02
1.7222e+02
1.8832e+02
1.8623e+02
1.8944e+02
2.0306e+02
2.0176e+02
2.0286e+02
1.5515e+02
1.4703e+02
2.0031e+02
1.9039e+02
2.1784e+02
2.5218e+02
2.3161e+02
1.8602e+02
1.9991e+02
1.6892e+02
1.9997e+02
1.7263e+02
1.9228e+02
1.9891e+02
2.0568e+02
2.0092e+02
1.8003e+02
1.7450e+02
1.8710e+02
1.8997e+02
1.6179e+02
2.0099e+02
1.8827e+02
1.6402e+02
1.7458e+02
1.7948e+02
1.9464e+02
1.9215e+02
1.8604e+02
2.0617e+02
1.8983e+02
1.8467e+02
1.7602e+02
1.8093e+02
1.9174e+02
1.6984e+02
1.5686e+02
1.9383e+02
2.0125e+02
1.9037e+02
2.0137e+02
1.9909e+02
1.9898e+02
1.8534e+02
1.7655e+02
1.5047e+02
1.9190e+02
2.0233e+02
1.7740e+02
2.0380e+02
1.9854e+02
1.6219e+02
1.8461e+02
1.8943e+02
1.8057e+02
1.4963e+02
1.6192e+02
1.7661e+02
1.9582e+02
1.9596e+02
2.0985e+02
1.6300e+02
1.8221e+02
1.7821e+02
1.8671e+02
1.8497e+02
1.8847e+02
1.9205e+02
1.7390e+02
1.9928e+02
1.7328e+02
1.6417e+02
1.7773e+02
1.8869e+02
1.9770e+02
2.0459e+02
1.8472e+02
1.6323e+02
1.7322e+02
1.7279e+02
1.8001e+02
1.5247e+02
1.2740e+02
2.0750e+02
2.0867e+02
1.8281e+02
1.8515e+02
1.8954e+02
1.9297e+02
1.8445e+02
1.7282e+02
2.0195e+02
2.1906e+02
1.9451e+02
1.9303e+02
2.0056e+02
1.8245e+02
1.7639e+02
1.9595e+02
2.1360e+02
1.9879e+02
1.9510e+02
1.8172e+02
1.8977e+02
1.8557e+02
1.9499e+02
2.1324e+02
2.2025e+02
1.9855e+02
2.3540e+02
2.1501e+02
2.2297e+02
2.2422e+02
2.1142e+02
1.8967e+02
2.2418e+02
2.3663e+02
2.0734e+02
2.2431e+02
2.2134e+02
2.3012e+02
2.0535e+02
2.4371e+02
2.3177e+02
2.2204e+02
2.2488e+02
2.3759e+02
2.3603e+02
2.2450e+02
2.2505e+02
2.1285e+02
2.3809e+02
2.4708e+02
2.1511e+02
2.6172e+02
2.2915e+02
2.0460e+02
2.2359e+02
2.2513e+02
2.0970e+02
2.1018e+02
2.4155e+02
2.2324e+02
2.2986e+02
2.1861e+02
2.1601e+02
2.2609e+02
2.1463e+02
2.0462e+02
2.2169e+02
2.2900e+02
2.3723e+02
2.0857e+02
2.1884e+02
1.9995e+02
2.3127e+02
2.1572e+02
2.3019e+02
2.3646e+02
2.0585e+02
2.0990e+02
2.2717e+02
2.1886e+02
2.0337e+02
2.2665e+02
2.1498e+02
2.0654e+02
2.1830e+02
1.8238e+02
1.8221e+02
1.6489e+02
1.8406e+02
2.0373e+02
1.9383e+02
2.1731e+02
2.0621e+02
1.6876e+02
1.6881e+02
2.0241e+02
1.7040e+02
2.0305e+02
1.6805e+02
1.8840e+02
1.9293e+02
1.8365e+02
2.0719e+02
1.8987e+02
2.0364e+02
1.9963e+02
2.0578e+02
2.0737e+02
1.8982e+02
1.8792e+02
2.1333e+02
1.7904e+02
1.8572e+02
1.9462e+02
1.8932e+02
1.8640e+02
1.9263e+02
1.9088e+02
2.1558e+02
2.2624e+02
1.8751e+02
2.1216e+02
1.8252e+02
2.1390e+02
2.1294e+02
2.0918e+02
2.3192e+02
2.0930e+02
2.1217e+02
2.1419e+02
2.0935e+02
2.0311e+02
2.2422e+02
2.2305e+02
2.2451e+02
2.3904e+02
2.3930e+02
2.3857e+02
2.2695e+02
2.4295e+02
2.4120e+02
2.2251e+02
1.8876e+02
2.4675e+02
2.5022e+02
2.6620e+02
2.7130e+02
2.3007e+02
2.6316e+02
2.2643e+02
2.5207e+02
2.1343e+02
2.7051e+02
2.7775e+02
2.8432e+02
2.3787e+02
2.6187e+02
2.7700e+02
2.6949e+02
2.5672e+02
2.8673e+02
2.5113e+02
2.7552e+02
2.6008e+02
2.5162e+02
2.4252e+02
2.5665e+02
2.3371e+02
2.4626e+02
2.4733e+02
2.5657e+02
2.4447e+02
2.6058e+02
2.5116e+02
2.3058e+02
2.4303e+02
2.1682e+02
2.3289e+02
2.5079e+02
2.2455e+02
2.2516e+02
2.4859e+02
2.3914e+02
2.4592e+02
2.3065e+02
2.2586e+02
2.3383e+02
2.4495e+02
2.3878e+02
2.1735e+02
2.1932e+02
2.1677e+02
2.4145e+02
2.1450e+02
1.9872e+02
2.0229e+02
2.2340e+02
2.1273e+02
2.4052e+02
2.1152e+02
2.0203e+02
2.0926e+02
2.0476e+02
2.0655e+02
2.3770e+02
1.9394e+02
2.0877e+02
2.3777e+02
1.9363e+02
1.9376e+02
1.8994e+02
2.0699e+02
2.3231e+02
2.1646e+02
1.9055e+02
2.2237e+02
1.9472e+02
1.8044e+02
1.8096e+02
1.8683e+02
1.8713e+02
1.9843e+02
1.4757e+02
2.0096e+02
1.7754e+02
1.8007e+02
1.8328e+02
1.9371e+02
2.0896e+02
2.0247e+02
1.7356e+02
1.8747e+02
1.8361e+02
1.8947e+02
1.7722e+02
1.8644e+02
1.5801e+02
2.0825e+02
1.9830e+02
2.1302e+02
1.9415e+02
1.9202e+02
2.0671e+02
1.9750e+02
2.2204e+02
2.4075e+02
2.3550e+02
2.1679e+02
2.2658e+02
1.9692e+02
2.2788e+02
1.9856e+02
1.9631e+02
2.0885e+02
2.2525e+02
2.0660e+02
2.0739e+02
2.2745e+02
2.3700e+02
2.3880e+02
2.1491e+02
2.4684e+02
2.3200e+02
2.1784e+02
2.2816e+02
2.1959e+02
2.2756e+02
1.5143e+02
2.2135e+02
1.9436e+02
2.2738e+02
2.2533e+02
1.9561e+02
2.2135e+02
2.1803e+02
2.1492e+02
2.4416e+02
2.0796e+02
2.0681e+02
2.3011e+02
2.0940e+02
2.2395e+02
1.9520e+02
2.0789e+02
2.0152e+02
2.0017e+02
1.9746e+02
2.1135e+02
1.8227e+02
2.0037e+02
2.1052e+02
2.0805e+02
2.2306e+02
1.7916e+02
2.1739e+02
1.9896e+02
1.9589e+02
1.6612e+02
1.8086e+02
1.9611e+02
1.7760e+02
1.8260e+02
2.0104e+02
1.9850e+02
1.7649e+02
1.7307e+02
1.7316e+02
2.0023e+02
1.8488e+02
1.6939e+02
1.5282e+02
1.8540e+02
1.9958e+02
1.8819e+02
1.7994e+02
2.0055e+02
1.5957e+02
2.0074e+02
2.0371e+02
2.0206e+02
1.8795e+02
1.9850e+02
1.9220e+02
1.7422e+02
1.8726e+02
1.9772e+02
1.9842e+02
1.8354e+02
1.7470e+02
1.8834e+02
1.7788e+02
1.9402e+02
1.5895e+02
1.5364e+02
1.8973e+02
1.9012e+02
1.8657e+02
1.6620e+02
1.6193e+02
1.7078e+02
1.9558e+02
2.0440e+02
1.8108e+02
1.9757e+02
1.8495e+02
1.8308e+02
1.9895e+02
1.6488e+02
1.6811e+02
1.7307e+02
1.7367e+02
1.7919e+02
1.9518e+02
1.7153e+02
1.9489e+02
1.8318e+02
1.8590e+02
1.9506e+02
1.7455e+02
1.6631e+02
1.7280e+02
1.9925e+02
2.1070e+02
1.9460e+02
1.8972e+02
1.8729e+02
1.5478e+02
2.0822e+02
1.9158e+02
1.8743e+02
1.1655e+02
1.7205e+02
1.8209e+02
1.8274e+02
1.4858e+02
1.9933e+02
2.0486e+02
1.8379e+02
1.6648e+02
1.8752e+02
1.9586e+02
2.0372e+02
1.6711e+02
1.5975e+02
1.8434e+02
1.6919e+02
1.8532e+02
2.0691e+02
1.6724e+02
1.9486e+02
1.6409e+02
1.8221e+02
1.8850e+02
1.9406e+02
1.6732e+02
1.7515e+02
1.6913e+02
1.7784e+02
1.9025e+02
1.9205e+02
1.5695e+02
1.8129e+02
1.7437e+02
1.8348e+02
1.7987e+02
1.8021e+02
1.9258e+02
1.7673e+02
1.9145e+02
1.9190e+02
2.0569e+02
1.5930e+02
1.8563e+02
2.0372e+02
1.9243e+02
1.6039e+02
1.8763e+02
1.7324e+02
1.9252e+02
1.9791e+02
1.5917e+02
1.7305e+02
1.6912e+02
1.7031e+02
1.8908e+02
1.3700e+02
1.4906e+02
1.6968e+02
1.6432e+02
1.7951e+02
1.8988e+02
1.8301e+02
1.9179e+02
1.7470e+02
1.9284e+02
1.9073e+02
1.6987e+02
1.7816e+02
1.9100e+02
1.9134e+02
1.7760e+02
1.9861e+02
2.0478e+02
1.7774e+02
1.9233e+02
1.9079e+02
1.8853e+02
1.9899e+02
1.8395e+02
1.7015e+02
1.8879e+02
1.7441e+02
1.7208e+02
1.6662e+02
1.7922e+02
1.4611e+02
1.7296e+02
1.9641e+02
1.9370e+02
1.8421e+02
1.7520e+02
1.6247e+02
1.4926e+02
1.9596e+02
1.6492e+02
1.7388e+02
1.6892e+02
1.8848e+02
1.8049e+02
1.8169e+02
1.7798e+02
1.8107e+02
1.7444e+02
1.7352e+02
1.7683e+02
1.6894e+02
1.7490e+02
1.7788e+02
1.8534e+02
1.9030e+02
1.7820e+02
1.6164e+02
1.6668e+02
1.6635e+02
1.8827e+02
1.7513e+02
1.7355e+02
1.7277e+02
1.7536e+02
1.6737e+02
2.0510e+02
1.8949e+02
1.8908e+02
2.0102e+02
1.9498e+02
1.6972e+02
1.7642e+02
1.7962e+02
1.7274e+02
1.8364e+02
1.8172e+02
1.9302e+02
1.9103e+02
1.7648e+02
1.7722e+02
1.6933e+02
2.0458e+02
1.9940e+02
1.6658e+02
1.7153e+02
1.8383e+02
1.8041e+02
1.7222e+02
1.8858e+02
1.7568e+02
1.4467e+02
1.7185e+02
1.5979e+02
1.9731e+02
1.4940e+02
1.4976e+02
1.7317e+02
1.6838e+02
1.8319e+02
1.8056e+02
1.8399e+02
1.5604e+02
1.7939e+02
1.8167e+02
1.6214e+02
1.9830e+02
1.8975e+02
1.9406e+02
2.0023e+02
1.9449e+02
1.8932e+02
1.9150e+02
1.9874e+02
1.8454e+02
1.8506e+02
1.7553e+02
1.6245e+02
1.7014e+02
1.4733e+02
1.8335e+02
1.5868e+02
1.7131e+02
1.6811e+02
1.7455e+02
2.0297e+02
1.7339e+02
1.7564e+02
1.7839e+02
1.8852e+02
1.8846e+02
2.0343e+02
1.7985e+02
1.8749e+02
1.9975e+02
1.5912e+02
1.6432e+02
1.7331e+02
1.6456e+02
1.8060e+02
1.9277e+02
1.8949e+02
1.8387e+02
1.5317e+02
1.5954e+02
1.4454e+02
1.6821e+02
1.8393e+02
1.8076e+02
1.7810e+02
1.5051e+02
1.7947e+02
1.7155e+02
1.5386e+02
1.8334e+02
1.6375e+02
1.9185e+02
1.9128e+02
1.8319e+02
1.7316e+02
1.7569e+02
1.7531e+02
1.8876e+02
1.7104e+02
