1.5543e+02
1.5995e+02
1.6217e+02
1.5955e+02
1.3885e+02
1.7104e+02
1.7196e+02
1.6225e+02
1.5595e+02
1.8748e+02
1.8219e+02
1.5777e+02
1.7127e+02
1.7755e+02
1.6624e+02
1.6933e+02
1.5744e+02
1.5330e+02
1.1915e+02
1.8337e+02
1.9194e+02
1.4882e+02
1.7763e+02
1.7941e+02
1.7155e+02
1.2632e+02
1.5575e+02
1.5670e+02
1.7836e+02
1.5619e+02
1.7611e+02
1.5403e+02
1.7621e+02
1.8027e+02
1.6975e+02
1.5407e+02
1.5034e+02
1.7671e+02
1.4605e+02
1.6362e+02
1.7523e+02
1.5177e+02
1.2403e+02
1.6053e+02
1.7703e+02
1.8133e+02
1.6731e+02
1.8351e+02
1.5246e+02
1.6402e+02
1.6971e+02
1.5245e+02
1.4656e+02
1.5526e+02
1.6764e+02
1.7303e+02
1.9065e+02
1.9810e+02
1.5598e+02
1.8724e+02
1.6418e+02
1.5904e+02
1.7484e+02
1.8291e+02
1.5204e+02
1.6184e+02
1.6814e+02
1.5507e+02
1.8318e+02
1.7382e+02
1.7083e+02
1.8611e+02
1.7375e+02
1.3995e+02
1.7412e+02
1.3858e+02
1.3756e+02
1.7521e+02
1.3933e+02
1.5149e+02
1.8348e+02
1.6792e+02
1.6304e+02
1.7041e+02
1.4574e+02
1.5332e+02
1.6870e+02
1.7891e+02
1.7281e+02
1.4335e+02
1.6129e+02
1.6747e+02
1.6725e+02
1.6859e+02
1.5950e+02
1.8100e+02
1.8604e+02
1.7643e+02
1.8625e+02
1.7353e+02
1.5807e+02
1.5666e+02
1.6731e+02
1.7219e+02
1.5926e+02
1.4685e+02
1.5281e+02
1.7515e+02
1.5664e+02
1.5041e+02
1.1845e+02
1.4981e+02
1.6273e+02
1.7348e+02
1.6265e+02
1.4930e+02
1.3940e+02
1.6560e+02
1.6225e+02
1.6461e+02
1.7969e+02
1.6960e+02
1.6579e+02
1.7134e+02
1.6518e+02
1.2120e+02
1.5790e+02
1.5931e+02
1.6115e+02
1.4178e+02
1.6752e+02
1.5907e+02
1.5064e+02
1.4973e+02
1.4619e+02
1.7131e+02
1.5383e+02
1.7879e+02
1.5306e+02
1.6828e+02
1.7573e+02
1.5488e+02
1.7449e+02
1.5675e+02
1.5969e+02
1.6526e+02
1.8164e+02
1.6415e+02
1.6130e+02
1.7870e+02
1.3993e+02
1.7569e+02
1.6663e+02
1.5131e+02
1.3940e+02
1.4088e+02
1.4724e+02
1.8588e+02
1.5234e+02
1.7316e+02
1.6876e+02
1.7254e+02
1.9099e+02
1.8178e+02
1.7803e+02
1.5600e+02
1.7192e+02
1.5421e+02
1.8161e+02
1.7681e+02
1.6478e+02
1.5624e+02
1.3001e+02
1.6251e+02
1.4793e+02
1.7458e+02
1.7182e+02
1.4720e+02
1.6478e+02
1.6188e+02
1.2969e+02
1.7150e+02
1.5335e+02
1.6776e+02
1.6553e+02
1.6990e+02
1.5616e+02
1.6287e+02
1.8888e+02
1.9178e+02
1.5955e+02
1.7577e+02
1.5734e+02
1.4524e+02
1.6850e+02
1.5707e+02
1.6142e+02
1.5600e+02
1.6858e+02
1.2053e+02
1.5386e+02
1.6036e+02
1.6208e+02
1.5977e+02
1.7807e+02
1.6738e+02
1.2243e+02
1.8374e+02
1.6280e+02
1.5897e+02
1.4425e+02
1.7890e+02
1.6306e+02
1.5644e+02
1.7445e+02
1.6038e+02
1.7208e+02
1.6738e+02
1.6979e+02
1.2804e+02
1.7375e+02
2.0075e+02
1.5414e+02
1.3260e+02
1.6226e+02
1.7192e+02
1.6827e+02
1.7537e+02
1.6033e+02
1.3568e+02
1.5645e+02
1.6294e+02
1.7697e+02
1.9579e+02
1.6722e+02
1.6434e+02
1.7345e+02
1.5343e+02
1.8390e+02
1.7288e+02
1.4996e+02
1.8711e+02
1.7559e+02
1.6320e+02
1.4229e+02
1.5454e+02
1.8118e+02
1.6138e+02
1.6763e+02
1.6750e+02
1.8142e+02
1.7247e+02
1.5749e+02
1.2744e+02
1.8339e+02
1.8465e+02
1.8095e+02
1.6611e+02
1.6151e+02
1.4464e+02
1.5599e+02
1.5831e+02
1.6455e+02
1.6894e+02
1.5931e+02
1.7037e+02
1.6809e+02
1.5930e+02
1.6644e+02
1.6564e+02
1.5676e+02
1.4898e+02
1.7174e+02
1.7287e+02
1.8582e+02
1.7997e+02
1.6156e+02
1.9055e+02
1.7326e+02
1.8773e+02
1.7298e+02
1.7706e+02
1.8430e+02
1.9057e+02
1.7146e+02
1.5528e+02
1.8989e+02
1.7574e+02
1.8924e+02
1.7947e+02
1.6790e+02
1.5992e+02
1.6091e+02
1.4490e+02
1.8623e+02
1.9404e+02
1.8451e+02
1.4597e+02
1.6515e+02
1.7562e+02
1.7608e+02
1.8548e+02
1.6858e+02
1.8295e+02
1.9157e+02
1.8142e+02
1.8887e+02
2.0563e+02
1.9419e+02
1.7449e+02
1.6717e+02
2.0216e+02
2.0289e+02
1.7514e+02
1.9010e+02
1.5710e+02
1.7056e+02
1.3505e+02
1.9520e+02
1.9663e+02
1.8669e+02
1.9721e+02
2.1484e+02
2.0000e+02
1.7505e+02
1.9088e+02
1.7061e+02
1.6943e+02
2.0748e+02
2.1287e+02
1.9762e+02
1.9458e+02
2.0857e+02
1.9036e+02
1.9545e+02
1.8046e+02
1.9190e+02
1.5708e+02
2.2770e+02
1.8777e+02
2.0779e+02
1.9496e+02
2.0559e+02
2.1483e+02
1.5717e+02
1.9994e+02
1.8836e+02
1.9136e+02
1.9334e+02
1.9535e+02
1.7581e+02
1.9923e+02
2.0060e+02
2.0573e+02
2.0825e+02
1.8557e+02
1.7949e+02
2.0232e+02
2.1232e+02
1.9767e+02
1.5163e+02
1.9093e+02
1.4976e+02
1.8493e+02
1.9224e+02
1.9480e+02
2.1899e+02
2.1242e+02
2.1007e+02
1.8392e+02
2.0999e+02
1.9765e+02
1.9290e+02
2.0462e+02
1.9786e+02
2.1503e+02
2.2360e+02
2.0317e+02
1.8633e+02
2.4592e+02
2.3073e+02
2.2147e+02
2.0632e+02
2.4359e+02
2.6661e+02
2.7032e+02
2.4363e+02
2.3336e+02
2.2312e+02
2.1922e+02
2.1786e+02
2.2458e+02
2.3502e+02
2.1141e+02
2.0723e+02
2.1957e+02
2.1039e+02
1.8759e+02
1.9168e+02
1.8226e+02
1.8523e+02
2.2340e+02
1.5323e+02
1.7975e+02
2.2688e+02
2.0753e+02
1.7960e+02
1.8932e+02
1.8884e+02
2.0977e+02
2.1331e+02
1.9107e+02
1.6742e+02
2.3884e+02
2.1639e+02
1.9728e+02
2.0206e+02
2.2246e+02
2.1915e+02
1.8266e+02
2.3855e+02
2.2386e+02
2.2742e+02
2.0511e+02
2.0468e+02
1.9013e+02
2.1990e+02
2.5642e+02
2.4318e+02
2.4298e+02
2.4982e+02
2.6992e+02
3.0657e+02
2.5254e+02
2.5781e+02
2.2958e+02
2.3743e+02
2.0195e+02
2.3873e+02
2.3060e+02
2.1842e+02
2.2339e+02
2.1514e+02
2.3571e+02
2.1265e+02
2.2479e+02
2.0424e+02
2.0430e+02
2.1216e+02
2.2545e+02
1.7367e+02
2.4169e+02
2.1861e+02
1.9746e+02
1.5880e+02
1.8446e+02
1.9458e+02
2.0893e+02
2.1901e+02
2.0232e+02
1.7809e+02
2.2190e+02
2.0334e+02
2.2590e+02
2.0731e+02
1.7772e+02
1.7832e+02
2.0677e+02
2.0063e+02
1.8570e+02
1.7728e+02
2.1144e+02
2.0485e+02
1.9195e+02
2.3120e+02
1.7985e+02
1.7612e+02
1.9732e+02
1.8289e+02
1.8963e+02
2.1250e+02
1.7808e+02
1.9640e+02
1.9196e+02
1.6138e+02
1.7538e+02
1.8872e+02
1.6744e+02
2.0027e+02
1.9424e+02
1.7629e+02
2.0933e+02
1.9192e+02
1.9098e+02
1.9032e+02
1.8117e+02
2.1049e+02
2.0939e+02
1.9593e+02
1.7986e+02
1.8770e+02
1.7296e+02
1.9759e+02
1.8041e+02
1.6756e+02
1.7120e+02
1.9507e+02
1.8058e+02
1.8304e+02
1.7704e+02
1.8400e+02
1.6751e+02
1.6384e+02
1.6911e+02
1.8382e+02
1.8580e+02
1.6646e+02
1.4592e+02
1.8019e+02
2.0508e+02
1.8803e+02
1.9717e+02
1.6130e+02
1.9164e+02
1.6086e+02
1.8936e+02
2.0881e+02
1.9837e+02
2.0160e+02
1.8342e+02
1.8729e+02
1.8110e+02
1.5140e+02
1.9712e+02
1.6657e+02
1.7245e+02
1.8176e+02
1.9980e+02
1.6875e+02
1.7959e+02
1.6187e+02
1.8405e+02
1.7059e+02
1.7660e+02
1.4267e+02
1.6495e+02
1.8101e+02
1.7634e+02
1.6540e+02
1.8072e+02
1.7855e+02
1.6133e+02
1.9741e+02
1.9091e+02
1.7435e+02
1.8524e+02
1.5924e+02
1.7878e+02
1.7995e+02
1.7404e+02
1.8672e+02
1.3536e+02
1.7979e+02
1.6604e+02
1.6289e+02
1.6897e+02
1.5426e+02
1.6282e+02
1.8295e+02
1.9112e+02
1.4667e+02
1.7597e+02
1.6146e+02
1.6842e+02
1.7892e+02
1.8948e+02
1.8833e+02
1.7414e+02
1.7824e+02
1.7538e+02
1.7844e+02
1.7679e+02
1.7929e+02
1.6255e+02
1.6442e+02
1.6191e+02
1.7975e+02
1.9264e+02
2.0037e+02
1.6679e+02
1.5464e+02
1.6696e+02
1.1973e+02
1.7917e+02
1.7367e+02
1.7170e+02
1.7321e+02
1.9040e+02
1.7572e+02
1.9302e+02
1.6851e+02
1.6614e+02
1.5720e+02
1.8092e+02
1.7416e+02
1.6893e+02
1.8174e+02
1.4784e+02
1.5711e+02
1.6333e+02
1.6437e+02
1.3586e+02
1.5851e+02
1.8476e+02
1.5604e+02
1.3172e+02
1.3775e+02
1.4189e+02
1.4791e+02
1.5379e+02
1.4800e+02
1.6958e+02
1.6182e+02
1.5743e+02
1.4931e+02
1.5411e+02
1.6275e+02
1.7136e+02
1.6682e+02
1.4435e+02
1.6024e+02
1.4499e+02
1.5986e+02
1.7365e+02
1.7658e+02
1.7627e+02
1.7605e+02
1.7214e+02
1.7853e+02
1.6829e+02
1.4734e+02
1.5689e+02
1.7404e+02
1.6059e+02
1.6697e+02
1.6447e+02
1.9132e+02
1.8508e+02
1.7032e+02
1.7852e+02
1.3758e+02
1.4934e+02
1.6685e+02
1.7066e+02
1.8170e+02
1.7617e+02
1.5590e+02
1.4702e+02
1.7369e+02
1.7047e+02
1.7405e+02
1.2624e+02
1.4285e+02
1.6149e+02
1.4362e+02
1.7461e+02
1.6829e+02
1.7219e+02
1.7408e+02
1.6106e+02
1.6236e+02
1.6872e+02
1.7183e+02
1.6258e+02
1.8211e+02
1.7041e+02
1.6786e+02
1.7667e+02
1.5548e+02
1.4453e+02
1.4099e+02
1.4642e+02
1.7049e+02
1.8056e+02
1.7503e+02
1.8412e+02
1.6826e+02
1.7417e+02
1.7888e+02
1.5698e+02
1.3422e+02
1.7225e+02
1.6591e+02
1.5881e+02
1.3223e+02
1.5620e+02
1.6387e+02
1.4761e+02
1.6185e+02
1.6956e+02
1.4629e+02
1.4471e+02
1.5477e+02
1.6306e+02
1.5333e+02
1.7510e+02
1.5013e+02
1.7142e+02
1.7576e+02
1.5259e+02
1.7345e+02
1.7921e+02
1.9166e+02
1.8219e+02
1.7494e+02
1.8600e+02
1.6506e+02
1.5379e+02
1.8452e+02
1.7666e+02
1.8076e+02
1.5932e+02
1.7411e+02
1.6152e+02
1.5558e+02
1.5952e+02
1.7457e+02
1.8438e+02
1.7670e+02
1.6539e+02
1.5406e+02
1.3113e+02
1.6163e+02
1.2979e+02
1.5738e+02
1.6614e+02
1.5880e+02
1.5610e+02
1.3637e+02
1.7695e+02
1.6939e+02
1.5414e+02
1.8400e+02
1.5384e+02
1.4687e+02
1.5793e+02
1.6345e+02
1.4512e+02
1.7703e+02
1.8399e+02
1.3612e+02
1.4387e+02
1.4810e+02
1.7602e+02
1.5158e+02
1.4864e+02
1.4227e+02
1.6860e+02
1.7993e+02
1.6581e+02
1.5425e+02
1.7330e+02
1.6766e+02
1.7507e+02
1.6017e+02
1.6028e+02
1.4366e+02
1.6716e+02
1.5231e+02
1.6511e+02
1.6366e+02
1.6791e+02
1.7613e+02
1.7129e+02
1.7343e+02
1.8679e+02
1.5957e+02
1.5661e+02
1.6287e+02
1.6212e+02
1.8024e+02
1.6567e+02
1.5737e+02
1.7315e+02
1.5329e+02
1.3897e+02
1.5740e+02
1.6138e+02
1.8148e+02
1.5087e+02
1.4774e+02
1.6076e+02
1.6275e+02
1.5769e+02
1.7652e+02
1.6752e+02
1.5867e+02
1.6189e+02
1.6659e+02
1.3149e+02
1.6137e+02
1.7137e+02
1.5104e+02
1.4590e+02
1.4327e+02
1.6415e+02
1.7668e+02
1.5454e+02
1.6278e+02
1.8652e+02
1.3443e+02
1.6998e+02
1.4768e+02
1.3097e+02
1.7093e+02
1.6385e+02
1.7047e+02
1.4151e+02
1.7014e+02
1.5441e+02
1.4161e+02
1.6349e+02
1.4689e+02
1.8192e+02
1.7978e+02
1.5187e+02
1.5861e+02
1.8517e+02
1.6280e+02
1.3860e+02
1.7297e+02
1.4473e+02
1.5957e+02
1.4971e+02
1.5224e+02
1.4092e+02
1.6715e+02
1.6609e+02
1.6209e+02
1.6601e+02
1.6539e+02
1.3871e+02
1.5658e+02
1.5287e+02
1.2383e+02
1.8097e+02
1.8145e+02
1.7658e+02
1.6500e+02
1.7693e+02
1.6145e+02
1.3018e+02
1.5891e+02
1.4066e+02
1.5966e+02
1.7988e+02
1.8332e+02
1.5576e+02
1.8094e+02
1.5332e+02
1.3419e+02
1.6620e+02
1.7426e+02
1.5639e+02
1.8210e+02
