1.7744e+02
1.6513e+02
1.4982e+02
1.6438e+02
1.7688e+02
1.3434e+02
1.6612e+02
1.8538e+02
1.6915e+02
1.4503e+02
1.6645e+02
1.7716e+02
1.3107e+02
1.7190e+02
1.8151e+02
1.6000e+02
1.5947e+02
1.6237e+02
1.4394e+02
1.8568e+02
1.8500e+02
1.5869e+02
1.5160e+02
1.4030e+02
1.5901e+02
1.7203e+02
1.6835e+02
1.5018e+02
1.3949e+02
1.5044e+02
1.6416e+02
1.3731e+02
1.7318e+02
1.8458e+02
1.5149e+02
1.7382e+02
1.8058e+02
1.8524e+02
1.5173e+02
1.3628e+02
1.5565e+02
1.3320e+02
1.4747e+02
1.6831e+02
1.6955e+02
1.9088e+02
1.6640e+02
1.5557e+02
1.7648e+02
1.6680e+02
1.6253e+02
1.6899e+02
1.6766e+02
1.6136e+02
1.4894e+02
1.6016e+02
1.7635e+02
1.7573e+02
1.5878e+02
1.5607e+02
1.6710e+02
1.7859e+02
1.6052e+02
1.6919e+02
1.5962e+02
1.5387e+02
1.6105e+02
1.6431e+02
1.6039e+02
1.7068e+02
1.7567e+02
1.5523e+02
1.7056e+02
1.6796e+02
1.5752e+02
1.5055e+02
1.3427e+02
1.2447e+02
1.5376e+02
1.4903e+02
1.6804e+02
1.7616e+02
1.7129e+02
1.7773e+02
1.7203e+02
1.6303e+02
1.7595e+02
1.6784e+02
1.6575e+02
1.7403e+02
1.5653e+02
1.6203e+02
1.7007e+02
1.6361e+02
1.7387e+02
1.2660e+02
1.1239e+02
1.5185e+02
1.3871e+02
1.6332e+02
1.6659e+02
1.6943e+02
1.3804e+02
1.5118e+02
1.6074e+02
1.5058e+02
1.5325e+02
1.7765e+02
1.7315e+02
1.6313e+02
1.7439e+02
1.7845e+02
1.7780e+02
1.7742e+02
1.6409e+02
1.6836e+02
1.6403e+02
1.9288e+02
1.7406e+02
1.7856e+02
1.7207e+02
1.6057e+02
1.3706e+02
1.5025e+02
1.8156e+02
1.7664e+02
1.6824e+02
1.8108e+02
1.7978e+02
1.5096e+02
1.8657e+02
1.7243e+02
1.6172e+02
1.5308e+02
1.8153e+02
1.8209e+02
1.7648e+02
1.6034e+02
1.7501e+02
1.3676e+02
1.6981e+02
1.5155e+02
1.6431e+02
1.7432e+02
1.3513e+02
1.2661e+02
1.7717e+02
1.9457e+02
1.7714e+02
1.4258e+02
1.4804e+02
1.5986e+02
1.2963e+02
1.3452e+02
1.5489e+02
1.8546e+02
1.6581e+02
1.7266e+02
1.5750e+02
1.4854e+02
1.8899e+02
1.7581e+02
1.7173e+02
1.6844e+02
1.7305e+02
1.5868e+02
1.5824e+02
1.4086e+02
1.5252e+02
1.6109e+02
1.5486e+02
1.6770e+02
1.8089e+02
1.7424e+02
1.7624e+02
1.7718e+02
1.6303e+02
1.7513e+02
1.3694e+02
1.5986e+02
1.7873e+02
1.6904e+02
1.6365e+02
1.2935e+02
1.5306e+02
1.6924e+02
1.9901e+02
1.8557e+02
1.6622e+02
1.5736e+02
1.5568e+02
1.4972e+02
1.6288e+02
1.5089e+02
1.3743e+02
1.8389e+02
1.7132e+02
2.0753e+02
2.1874e+02
2.2289e+02
1.9306e+02
2.0867e+02
1.9104e+02
1.9852e+02
2.0676e+02
1.8851e+02
2.1199e+02
1.9903e+02
1.9784e+02
1.9465e+02
1.8788e+02
1.8581e+02
1.8367e+02
1.8645e+02
1.9678e+02
1.5778e+02
1.5697e+02
1.6540e+02
1.4396e+02
1.5653e+02
1.5133e+02
1.6490e+02
1.8606e+02
1.7478e+02
1.4830e+02
1.9147e+02
1.2935e+02
1.9199e+02
1.8387e+02
1.6741e+02
1.6689e+02
1.6407e+02
1.7235e+02
1.4679e+02
1.6973e+02
1.6988e+02
1.6206e+02
1.8924e+02
1.6893e+02
1.9002e+02
1.5227e+02
1.4719e+02
1.6206e+02
1.7339e+02
1.7498e+02
1.6683e+02
1.5867e+02
1.7940e+02
1.8270e+02
1.9314e+02
1.4609e+02
1.4749e+02
1.4877e+02
1.7988e+02
1.6104e+02
1.2627e+02
1.7520e+02
1.5883e+02
1.6644e+02
1.4481e+02
1.6722e+02
1.6710e+02
1.8740e+02
1.7898e+02
1.7418e+02
1.8761e+02
1.5437e+02
1.8348e+02
1.7556e+02
1.6283e+02
1.8184e+02
1.9777e+02
1.8895e+02
1.8797e+02
1.5756e+02
1.6039e+02
1.6958e+02
1.7912e+02
1.4559e+02
1.6573e+02
1.5375e+02
1.7440e+02
1.5659e+02
1.8053e+02
1.7531e+02
1.3848e+02
1.3926e+02
1.7862e+02
1.6177e+02
1.6122e+02
1.8084e+02
1.8054e+02
1.7009e+02
1.7891e+02
1.7053e+02
1.7715e+02
1.7875e+02
1.7853e+02
1.4909e+02
1.3896e+02
1.5201e+02
1.7716e+02
1.9127e+02
1.5172e+02
1.8237e+02
1.8084e+02
1.8530e+02
1.6282e+02
1.7167e+02
1.9333e+02
1.9358e+02
1.7270e+02
1.6854e+02
1.5630e+02
2.1149e+02
1.6806e+02
2.1905e+02
2.1253e+02
1.8806e+02
1.9006e+02
1.8923e+02
1.5676e+02
2.0392e+02
1.9032e+02
1.8819e+02
2.1756e+02
2.0619e+02
2.1873e+02
2.0046e+02
2.0304e+02
1.8518e+02
2.1709e+02
1.9615e+02
1.9532e+02
1.9897e+02
1.9902e+02
1.7165e+02
1.7495e+02
1.7645e+02
1.8257e+02
1.9647e+02
1.9944e+02
1.8516e+02
1.8547e+02
1.9775e+02
1.8431e+02
2.1065e+02
1.8289e+02
1.6890e+02
1.6212e+02
1.9969e+02
1.9394e+02
1.9139e+02
1.4638e+02
1.9779e+02
1.9802e+02
1.9604e+02
1.8442e+02
1.7785e+02
1.5273e+02
1.9822e+02
1.7039e+02
1.3849e+02
1.7039e+02
1.8627e+02
1.8989e+02
1.9747e+02
2.0363e+02
2.1432e+02
1.8446e+02
1.7646e+02
2.0941e+02
2.0994e+02
2.0856e+02
1.9037e+02
1.9723e+02
2.0735e+02
2.3338e+02
2.1804e+02
2.5284e+02
2.4328e+02
2.4592e+02
2.6441e+02
2.7166e+02
3.6896e+02
3.5545e+02
2.6531e+02
2.5201e+02
2.3987e+02
2.4999e+02
2.1067e+02
2.2640e+02
1.9801e+02
2.0957e+02
2.2551e+02
2.0541e+02
2.0574e+02
2.0052e+02
2.0062e+02
2.0201e+02
1.7769e+02
1.9521e+02
1.8164e+02
1.9313e+02
1.8278e+02
2.1413e+02
1.8703e+02
2.1378e+02
2.0858e+02
2.0485e+02
2.1696e+02
2.1412e+02
2.0134e+02
2.0204e+02
2.1419e+02
2.4245e+02
2.1940e+02
2.1487e+02
1.9468e+02
1.8937e+02
2.0177e+02
2.0811e+02
2.4129e+02
2.0542e+02
2.1437e+02
2.3619e+02
2.0701e+02
2.1202e+02
2.1312e+02
2.4183e+02
2.4560e+02
2.5807e+02
3.0628e+02
2.5295e+02
2.3186e+02
2.3967e+02
1.9785e+02
2.4322e+02
2.0527e+02
2.1768e+02
2.2953e+02
2.4386e+02
2.0046e+02
2.1828e+02
1.8107e+02
2.3300e+02
2.1292e+02
2.0379e+02
2.1392e+02
2.2675e+02
2.2573e+02
1.8408e+02
2.0542e+02
2.0784e+02
2.1398e+02
1.9290e+02
1.9979e+02
1.6820e+02
1.9255e+02
1.9375e+02
2.0634e+02
2.0439e+02
2.0080e+02
2.1393e+02
2.0475e+02
1.8513e+02
2.1900e+02
2.0346e+02
1.5344e+02
1.6508e+02
1.8427e+02
1.6457e+02
1.9795e+02
1.7618e+02
2.0055e+02
2.0839e+02
1.7395e+02
1.7855e+02
1.8156e+02
1.6308e+02
1.5463e+02
1.2891e+02
1.8987e+02
1.7912e+02
1.9037e+02
2.0618e+02
1.9061e+02
1.9908e+02
2.1690e+02
1.9010e+02
2.1834e+02
1.9535e+02
1.8987e+02
1.8819e+02
1.9014e+02
1.8995e+02
1.7519e+02
1.8177e+02
1.7046e+02
1.6450e+02
1.8022e+02
1.6253e+02
1.6931e+02
1.8988e+02
1.6370e+02
1.7532e+02
1.5716e+02
1.6399e+02
2.0783e+02
2.1729e+02
1.8119e+02
1.8040e+02
1.8985e+02
1.6144e+02
1.7197e+02
1.9588e+02
1.8715e+02
1.9835e+02
1.7475e+02
1.6310e+02
1.8421e+02
1.6891e+02
2.1381e+02
2.0411e+02
1.7538e+02
1.6237e+02
1.8030e+02
1.8693e+02
1.7492e+02
1.9141e+02
1.7307e+02
1.8626e+02
1.7698e+02
1.6836e+02
1.9462e+02
2.0002e+02
1.9162e+02
2.0340e+02
1.6341e+02
1.5126e+02
1.6263e+02
1.6271e+02
1.5670e+02
1.6495e+02
1.6310e+02
1.5901e+02
1.7116e+02
1.9098e+02
1.8751e+02
1.7638e+02
1.8309e+02
1.6282e+02
1.7232e+02
1.8069e+02
1.4802e+02
1.5256e+02
1.8040e+02
1.9425e+02
1.7418e+02
1.2523e+02
1.7766e+02
1.7733e+02
1.7824e+02
1.6092e+02
1.6650e+02
1.5562e+02
1.5415e+02
1.5123e+02
1.3186e+02
1.7924e+02
1.7076e+02
1.6926e+02
1.3129e+02
1.7479e+02
1.7432e+02
1.8134e+02
1.5905e+02
1.7237e+02
1.6587e+02
1.7080e+02
1.8426e+02
1.7364e+02
1.8349e+02
2.0069e+02
1.7524e+02
1.3896e+02
1.6377e+02
1.5636e+02
1.6259e+02
1.4292e+02
1.5870e+02
1.4995e+02
1.4517e+02
1.6837e+02
1.4362e+02
1.4648e+02
1.5693e+02
1.5982e+02
1.7774e+02
1.5202e+02
1.6825e+02
1.4707e+02
1.5528e+02
1.6260e+02
1.4600e+02
1.4970e+02
1.8319e+02
1.6379e+02
1.6498e+02
1.3867e+02
1.3956e+02
1.5868e+02
1.5087e+02
1.3504e+02
1.7354e+02
1.7355e+02
1.4195e+02
1.6968e+02
1.8662e+02
1.5419e+02
1.3013e+02
1.7312e+02
1.7735e+02
1.8654e+02
1.6723e+02
1.6326e+02
1.4775e+02
1.8568e+02
1.8034e+02
1.7076e+02
1.7471e+02
1.7162e+02
1.5385e+02
1.3627e+02
1.5973e+02
1.8079e+02
1.6998e+02
1.7236e+02
1.4738e+02
1.6891e+02
1.4834e+02
1.6658e+02
1.9621e+02
1.6104e+02
1.6056e+02
1.8496e+02
1.3774e+02
1.5577e+02
1.6971e+02
1.8133e+02
1.5655e+02
1.7182e+02
1.8591e+02
1.9253e+02
1.5774e+02
1.7433e+02
1.7633e+02
1.7440e+02
1.4814e+02
1.5962e+02
1.6445e+02
1.4648e+02
1.3290e+02
1.5308e+02
1.5338e+02
1.3465e+02
1.6829e+02
1.5873e+02
1.5970e+02
1.7980e+02
1.6598e+02
1.7080e+02
1.5957e+02
1.5415e+02
1.5916e+02
1.7121e+02
1.6484e+02
1.5679e+02
1.5226e+02
1.7164e+02
1.7987e+02
1.4117e+02
1.7191e+02
1.5863e+02
1.4826e+02
1.6691e+02
1.5200e+02
1.5194e+02
1.6481e+02
1.4579e+02
1.4329e+02
1.5933e+02
1.6502e+02
1.6833e+02
1.9202e+02
1.8485e+02
1.5572e+02
1.6622e+02
1.5468e+02
1.6295e+02
1.4718e+02
1.5982e+02
1.5463e+02
1.7850e+02
1.7569e+02
1.6845e+02
1.6189e+02
1.7806e+02
1.6572e+02
1.5951e+02
1.5665e+02
1.2639e+02
1.4850e+02
1.9269e+02
1.7027e+02
1.6173e+02
1.6076e+02
1.3583e+02
1.3099e+02
1.5188e+02
1.5254e+02
1.6552e+02
1.7876e+02
1.4676e+02
1.4792e+02
1.7183e+02
1.5967e+02
1.5968e+02
1.7488e+02
1.7421e+02
1.5541e+02
1.4600e+02
1.3743e+02
1.5303e+02
1.7507e+02
1.6762e+02
1.6677e+02
1.6721e+02
1.2841e+02
1.6684e+02
1.6291e+02
1.6527e+02
1.7067e+02
1.7476e+02
1.7071e+02
1.5680e+02
1.7708e+02
1.7319e+02
1.6964e+02
1.6765e+02
1.7431e+02
1.7644e+02
1.5402e+02
1.5153e+02
1.4316e+02
1.6777e+02
1.5198e+02
1.6506e+02
1.6007e+02
1.4927e+02
1.1923e+02
1.4251e+02
1.6917e+02
1.9056e+02
1.6576e+02
1.6868e+02
1.4841e+02
1.8208e+02
1.7483e+02
1.7898e+02
1.5947e+02
1.9103e+02
1.8375e+02
1.4825e+02
1.4523e+02
1.5193e+02
1.3630e+02
1.6152e+02
1.7488e+02
1.5497e+02
1.6605e+02
1.7664e+02
1.4041e+02
1.7208e+02
1.6080e+02
1.2689e+02
1.5994e+02
1.5174e+02
1.5117e+02
1.3851e+02
1.5180e+02
1.7111e+02
1.7926e+02
1.5349e+02
1.6876e+02
1.4132e+02
1.6378e+02
1.5270e+02
1.6921e+02
1.7504e+02
1.5974e+02
1.4629e+02
1.7396e+02
1.6659e+02
1.6097e+02
1.6744e+02
1.7220e+02
1.3816e+02
1.5236e+02
1.6411e+02
1.8054e+02
1.6294e+02
1.6586e+02
1.5879e+02
1.5750e+02
1.5729e+02
1.7348e+02
1.4802e+02
1.7337e+02
1.7335e+02
1.6063e+02
1.6141e+02
1.7266e+02
1.8433e+02
1.5398e+02
1.7877e+02
1.6687e+02
1.7645e+02
1.6597e+02
1.6003e+02
1.5633e+02
1.6276e+02
1.4301e+02
1.4201e+02
1.6226e+02
1.7056e+02
1.8093e+02
1.8409e+02
1.7859e+02
1.5144e+02
1.6657e+02
1.4429e+02
1.4551e+02
1.5493e+02
1.5282e+02
1.5459e+02
1.6138e+02
1.6828e+02
1.6515e+02
1.8619e+02
1.6470e+02
1.6653e+02
1.4781e+02
1.7366e+02
1.5632e+02
1.7858e+02
1.6910e+02
1.6170e+02
1.4813e+02
1.5736e+02
1.7165e+02
1.5842e+02
1.6268e+02
1.4791e+02
1.7306e+02
