1.8309e+02
2.0073e+02
1.8205e+02
1.8245e+02
1.9228e+02
1.6383e+02
1.8713e+02
1.5947e+02
1.8109e+02
1.8615e+02
1.8876e+02
1.8533e+02
1.6607e+02
1.7740e+02
1.7660e+02
1.8271e+02
1.8061e+02
2.0051e+02
1.9484e+02
1.6225e+02
1.7143e+02
1.6516e+02
1.7568e+02
1.7511e+02
1.5290e+02
1.8962e+02
1.9389e+02
1.9661e+02
1.8326e+02
1.5454e+02
1.6401e+02
1.8613e+02
1.9166e+02
1.9113e+02
1.5985e+02
1.8692e+02
1.8762e+02
1.8152e+02
1.9539e+02
1.9521e+02
1.8786e+02
1.7091e+02
1.6408e+02
1.7818e+02
1.6296e+02
1.3927e+02
1.8544e+02
1.7897e+02
1.7139e+02
1.9349e+02
1.6880e+02
1.9955e+02
2.0727e+02
2.0042e+02
1.8013e+02
1.5216e+02
1.8151e+02
1.8677e+02
2.0788e+02
1.8859e+02
1.9373e+02
1.9118e+02
1.8897e+02
2.0096e+02
1.9228e+02
1.9273e+02
1.9192e+02
1.7812e+02
1.8130e+02
2.0605e+02
1.8559e+02
1.7096e+02
1.9106e+02
1.9552e+02
1.7995e+02
1.6933e+02
1.8800e+02
1.7599e+02
1.6838e+02
1.8009e+02
1.5569e+02
1.8139e+02
1.9110e+02
1.7261e+02
1.6971e+02
1.7564e+02
1.9656e+02
1.8959e+02
1.8930e+02
1.9384e+02
1.9067e+02
2.1178e+02
2.0100e+02
1.9875e+02
1.8484e+02
1.5416e+02
1.7852e+02
2.0527e+02
2.0300e+02
1.6025e+02
1.9179e+02
1.9985e+02
1.8017e+02
1.9342e+02
1.8878e+02
1.9059e+02
1.8503e+02
1.9161e+02
1.9136e+02
1.7656e+02
1.7219e+02
1.6784e+02
1.8848e+02
1.8901e+02
1.9157e+02
1.9808e+02
1.8499e+02
1.8619e+02
1.9462e+02
1.9737e+02
1.7868e+02
1.9100e+02
1.7058e+02
1.7120e+02
1.9278e+02
1.8274e+02
1.9918e+02
1.8422e+02
1.5917e+02
1.6886e+02
1.6705e+02
1.9788e+02
1.7163e+02
1.7404e+02
1.8195e+02
1.6425e+02
1.4620e+02
1.5846e+02
1.8836e+02
1.5419e+02
1.9382e+02
1.7288e+02
1.8683e+02
1.7801e+02
1.7897e+02
1.9917e+02
2.0294e+02
1.7763e+02
1.8471e+02
2.0302e+02
1.8438e+02
1.6071e+02
1.6998e+02
1.8254e+02
1.9458e+02
1.9147e+02
2.0229e+02
1.9691e+02
1.7928e+02
1.9222e+02
1.7770e+02
1.7743e+02
2.1352e+02
2.0815e+02
1.8723e+02
1.7232e+02
2.0063e+02
1.8256e+02
1.8617e+02
1.7372e+02
1.8372e+02
1.4156e+02
1.8150e+02
1.6739e+02
1.9635e+02
1.7597e+02
1.7074e+02
1.6740e+02
1.8021e+02
1.5529e+02
1.8362e+02
1.7114e+02
2.0192e+02
2.0871e+02
1.6096e+02
1.4918e+02
1.8784e+02
1.7184e+02
1.9138e+02
1.8042e+02
1.8546e+02
1.9849e+02
1.9034e+02
1.9853e+02
1.7532e+02
1.5918e+02
1.8823e+02
1.7738e+02
1.9562e+02
2.1056e+02
1.8626e+02
1.7712e+02
2.0579e+02
1.8333e+02
1.7868e+02
1.5544e+02
1.8670e+02
1.7440e+02
1.9720e+02
1.8043e+02
1.7170e+02
1.7702e+02
1.8935e+02
1.8682e+02
1.5172e+02
1.9814e+02
1.9788e+02
1.6339e+02
1.7018e+02
2.0015e+02
1.9224e+02
1.9106e+02
1.8000e+02
2.0033e+02
1.8949e+02
1.8100e+02
1.7073e+02
1.9207e+02
1.8368e+02
1.7956e+02
1.6883e+02
1.8235e+02
1.9300e+02
1.8828e+02
1.8883e+02
1.9857e+02
1.9028e+02
1.7737e+02
1.6153e+02
1.5474e+02
1.9609e+02
2.0805e+02
1.6523e+02
1.8987e+02
2.0346e+02
1.8861e+02
1.8331e+02
1.9890e+02
1.8365e+02
1.3570e+02
1.6617e+02
1.7615e+02
1.9179e+02
1.9311e+02
2.0253e+02
1.5503e+02
1.7513e+02
1.7549e+02
1.7786e+02
1.9409e+02
1.9189e+02
1.8645e+02
1.8615e+02
1.8884e+02
1.7154e+02
1.6689e+02
1.7082e+02
1.7152e+02
1.9122e+02
2.0084e+02
1.8453e+02
1.6307e+02
1.5942e+02
1.8978e+02
1.9376e+02
1.6616e+02
1.4771e+02
1.9950e+02
1.9195e+02
1.8944e+02
1.6371e+02
1.8273e+02
1.8440e+02
1.9548e+02
1.8037e+02
1.8372e+02
1.9161e+02
1.9822e+02
2.0169e+02
1.9087e+02
1.9154e+02
1.7752e+02
1.8226e+02
2.1211e+02
1.9680e+02
1.9800e+02
1.7724e+02
1.7130e+02
2.0130e+02
2.0243e+02
2.0949e+02
2.0178e+02
2.0820e+02
2.3501e+02
2.1596e+02
2.0763e+02
1.9693e+02
2.1125e+02
1.9585e+02
2.2146e+02
2.3276e+02
2.0940e+02
2.4191e+02
2.3506e+02
2.2782e+02
2.1363e+02
2.3082e+02
2.4225e+02
2.2898e+02
2.0826e+02
2.4172e+02
2.4062e+02
2.4117e+02
2.4374e+02
2.2299e+02
2.2740e+02
2.3977e+02
1.9327e+02
2.5743e+02
2.3406e+02
2.1680e+02
2.1898e+02
2.1692e+02
2.5015e+02
2.1178e+02
2.3830e+02
2.3755e+02
2.2392e+02
2.0986e+02
2.0482e+02
2.2777e+02
2.2673e+02
2.2357e+02
2.2974e+02
2.1720e+02
2.4019e+02
1.7665e+02
2.2607e+02
2.1054e+02
2.2908e+02
2.1441e+02
2.3896e+02
2.3866e+02
2.2805e+02
2.1902e+02
2.1905e+02
2.2388e+02
2.1390e+02
2.1983e+02
2.2310e+02
2.1178e+02
2.2292e+02
1.9320e+02
1.8652e+02
1.8707e+02
1.9570e+02
1.9212e+02
2.1015e+02
2.1568e+02
2.1247e+02
1.6681e+02
1.6938e+02
1.9672e+02
1.6150e+02
2.0408e+02
1.7590e+02
1.8395e+02
1.7102e+02
1.7880e+02
2.0074e+02
1.7468e+02
1.9534e+02
2.0733e+02
1.8305e+02
1.9502e+02
1.9339e+02
1.9458e+02
1.8154e+02
1.8313e+02
1.7711e+02
1.6941e+02
1.8552e+02
1.8768e+02
2.1342e+02
2.0281e+02
1.9288e+02
2.2539e+02
2.0038e+02
2.3318e+02
1.9487e+02
2.1769e+02
2.3239e+02
2.0305e+02
2.3398e+02
2.0390e+02
1.9372e+02
2.1495e+02
2.0469e+02
2.2900e+02
2.0362e+02
2.3740e+02
2.6289e+02
2.6564e+02
2.5466e+02
2.3475e+02
2.4297e+02
2.6208e+02
2.4505e+02
2.4046e+02
2.2235e+02
2.3721e+02
2.5769e+02
2.7454e+02
2.6595e+02
2.5241e+02
2.7185e+02
2.6370e+02
2.5502e+02
2.3453e+02
2.6287e+02
2.5521e+02
2.7277e+02
2.4231e+02
2.5312e+02
2.8028e+02
2.7464e+02
2.7039e+02
2.7852e+02
2.6436e+02
2.8095e+02
2.3461e+02
2.4705e+02
2.5099e+02
2.5668e+02
2.3149e+02
2.4574e+02
2.6183e+02
2.5124e+02
2.4563e+02
2.6035e+02
2.7728e+02
2.2796e+02
2.3330e+02
2.3288e+02
2.3707e+02
2.5228e+02
2.2011e+02
2.1525e+02
2.4656e+02
2.2474e+02
2.4154e+02
2.2645e+02
2.2082e+02
2.3231e+02
2.4041e+02
2.3641e+02
2.2345e+02
2.0060e+02
2.3445e+02
2.3335e+02
1.8820e+02
1.9950e+02
2.0119e+02
2.2556e+02
2.2111e+02
2.5058e+02
2.2250e+02
1.9472e+02
2.0888e+02
2.0094e+02
2.1203e+02
2.3228e+02
2.0360e+02
1.8264e+02
2.3559e+02
1.8792e+02
1.9906e+02
1.6600e+02
2.0224e+02
2.3642e+02
2.1377e+02
1.9511e+02
2.4529e+02
1.9737e+02
1.8727e+02
1.9897e+02
1.8751e+02
1.9212e+02
2.0710e+02
1.4859e+02
1.8264e+02
1.8863e+02
1.8625e+02
1.8103e+02
1.8337e+02
1.9061e+02
1.9139e+02
1.7655e+02
1.9305e+02
1.7527e+02
1.9628e+02
1.9236e+02
1.8024e+02
1.7864e+02
2.1195e+02
1.7985e+02
2.1256e+02
1.9469e+02
2.0923e+02
2.1578e+02
1.9239e+02
2.1153e+02
2.2026e+02
2.0994e+02
2.1864e+02
2.2589e+02
1.8521e+02
2.2143e+02
2.1271e+02
2.0377e+02
2.0664e+02
2.1937e+02
2.2971e+02
1.8770e+02
2.2087e+02
2.3302e+02
2.1993e+02
2.3287e+02
2.4816e+02
2.2524e+02
2.1356e+02
2.1088e+02
2.1230e+02
2.1853e+02
1.8097e+02
2.2733e+02
1.8751e+02
2.2275e+02
2.2795e+02
2.1815e+02
2.1988e+02
2.1730e+02
2.2104e+02
2.3792e+02
1.9699e+02
2.0719e+02
2.1795e+02
1.9642e+02
2.2149e+02
1.9480e+02
1.9717e+02
1.9643e+02
2.1085e+02
2.0020e+02
2.1913e+02
1.8198e+02
1.7295e+02
2.1119e+02
2.1002e+02
2.1925e+02
1.9896e+02
2.0793e+02
1.9065e+02
1.9060e+02
1.5508e+02
2.1093e+02
1.9136e+02
1.7691e+02
1.7876e+02
1.9870e+02
1.9994e+02
1.7840e+02
1.6879e+02
1.7689e+02
1.9465e+02
1.6976e+02
1.6797e+02
1.4468e+02
1.8007e+02
2.0336e+02
1.8009e+02
1.7790e+02
1.9934e+02
1.6587e+02
1.9031e+02
2.0332e+02
1.9817e+02
1.8387e+02
1.9173e+02
1.8450e+02
1.7355e+02
1.8416e+02
2.0694e+02
1.8913e+02
1.8538e+02
1.9386e+02
1.6761e+02
1.8450e+02
1.7500e+02
1.6554e+02
1.6153e+02
1.9193e+02
1.7346e+02
1.9443e+02
1.8475e+02
1.6159e+02
1.8677e+02
1.8678e+02
1.9639e+02
1.7260e+02
1.8908e+02
1.8225e+02
1.8363e+02
1.8853e+02
1.6114e+02
1.5427e+02
1.5920e+02
1.7817e+02
1.6397e+02
2.0204e+02
1.7517e+02
1.9226e+02
1.8321e+02
1.8265e+02
1.6433e+02
1.6599e+02
1.6474e+02
1.7476e+02
1.9204e+02
2.0174e+02
2.0847e+02
1.9574e+02
1.8451e+02
1.6888e+02
2.0090e+02
1.6661e+02
1.8798e+02
1.3920e+02
1.7079e+02
1.7765e+02
1.7223e+02
1.7174e+02
2.0445e+02
1.8456e+02
1.7277e+02
1.7204e+02
1.9952e+02
2.0121e+02
2.0561e+02
1.8781e+02
1.6775e+02
1.6329e+02
1.6916e+02
1.9389e+02
2.0419e+02
1.6752e+02
1.9240e+02
1.7693e+02
1.9061e+02
1.8286e+02
1.8944e+02
1.7083e+02
1.8683e+02
1.8214e+02
1.6848e+02
1.7821e+02
1.6315e+02
1.7218e+02
1.8401e+02
1.7991e+02
1.8266e+02
1.6858e+02
1.8339e+02
1.9707e+02
1.8962e+02
1.8967e+02
1.6407e+02
1.8497e+02
1.6498e+02
1.7631e+02
1.8099e+02
1.6637e+02
1.6403e+02
1.8972e+02
1.6447e+02
1.8297e+02
2.0697e+02
1.9230e+02
1.7096e+02
1.8268e+02
1.8933e+02
1.9462e+02
1.8209e+02
1.8047e+02
1.7993e+02
1.7724e+02
1.6872e+02
1.8141e+02
1.8084e+02
1.6388e+02
1.6910e+02
1.6827e+02
1.7983e+02
1.5953e+02
1.9554e+02
1.8884e+02
1.9290e+02
1.6250e+02
1.8929e+02
1.8482e+02
1.6398e+02
1.6879e+02
1.9741e+02
1.7006e+02
1.7651e+02
1.8727e+02
1.8527e+02
1.6901e+02
1.9262e+02
1.5310e+02
1.6766e+02
1.4687e+02
1.7894e+02
1.8338e+02
1.8894e+02
1.8120e+02
1.7117e+02
1.8577e+02
1.4551e+02
1.8644e+02
1.9186e+02
1.7963e+02
2.0518e+02
1.8362e+02
1.8481e+02
1.8563e+02
1.6814e+02
1.6372e+02
1.8477e+02
1.9333e+02
1.9248e+02
1.7331e+02
1.8817e+02
1.6527e+02
1.6762e+02
1.7778e+02
1.6624e+02
1.8289e+02
1.8315e+02
1.6980e+02
1.8046e+02
1.8274e+02
1.6286e+02
1.3898e+02
1.8622e+02
1.8105e+02
1.5725e+02
1.7409e+02
1.6840e+02
2.0223e+02
1.7292e+02
1.9192e+02
1.9721e+02
1.8671e+02
1.9215e+02
1.9095e+02
1.7969e+02
1.4148e+02
1.6117e+02
1.7356e+02
1.8859e+02
1.8441e+02
1.7726e+02
1.6728e+02
1.8246e+02
1.8167e+02
1.8508e+02
1.7217e+02
1.8387e+02
2.0877e+02
1.9140e+02
1.7308e+02
1.7098e+02
1.2444e+02
1.5951e+02
1.7298e+02
1.7562e+02
1.8331e+02
1.4105e+02
1.6757e+02
1.9875e+02
1.8904e+02
1.7914e+02
1.6793e+02
1.8318e+02
1.9165e+02
1.7180e+02
1.5633e+02
1.7046e+02
1.9274e+02
1.8998e+02
2.0633e+02
2.0767e+02
1.8866e+02
1.9610e+02
1.9314e+02
1.9557e+02
1.7549e+02
1.6538e+02
1.9069e+02
1.8921e+02
1.7960e+02
1.8380e+02
1.8648e+02
2.1207e+02
2.0580e+02
1.7600e+02
1.8651e+02
1.8748e+02
1.6738e+02
1.5504e+02
1.8182e+02
1.8346e+02
1.8887e+02
1.8574e+02
1.8325e+02
1.5858e+02
1.7672e+02
2.0175e+02
1.6622e+02
1.6757e+02
1.5480e+02
1.8330e+02
1.6359e+02
1.6622e+02
1.8242e+02
1.7311e+02
1.6421e+02
1.6770e+02
1.5079e+02
1.6777e+02
1.7436e+02
1.7268e+02
1.6648e+02
1.8885e+02
1.7357e+02
1.7780e+02
1.8578e+02
1.6248e+02
1.6263e+02
2.0182e+02
1.9516e+02
1.7388e+02
1.6216e+02
1.8884e+02
