1.7919e+02
1.7456e+02
1.9723e+02
1.8228e+02
1.8583e+02
1.9747e+02
1.8829e+02
1.7387e+02
1.6091e+02
1.9185e+02
1.8518e+02
1.6280e+02
1.8435e+02
1.2593e+02
1.8459e+02
1.7263e+02
1.6661e+02
1.6922e+02
1.6901e+02
1.8205e+02
1.7692e+02
1.8681e+02
1.8209e+02
1.7052e+02
1.6498e+02
1.8465e+02
1.9806e+02
1.7286e+02
1.8468e+02
2.0534e+02
1.7718e+02
1.9524e+02
1.6813e+02
1.7861e+02
1.9736e+02
1.9269e+02
2.0210e+02
1.9261e+02
1.7065e+02
1.8412e+02
1.8392e+02
1.4707e+02
1.7825e+02
1.5163e+02
1.8929e+02
1.9431e+02
1.8149e+02
1.7769e+02
1.8505e+02
1.8993e+02
1.7427e+02
1.9154e+02
1.8531e+02
1.9536e+02
1.6867e+02
1.8278e+02
1.9802e+02
1.9133e+02
1.7720e+02
1.7150e+02
1.8805e+02
1.8920e+02
1.9376e+02
1.3644e+02
1.8412e+02
1.8868e+02
1.8222e+02
1.6971e+02
1.7450e+02
1.6107e+02
1.4904e+02
1.6852e+02
1.7557e+02
1.7068e+02
1.9207e+02
1.8730e+02
1.8590e+02
1.6623e+02
1.6445e+02
1.7107e+02
1.9436e+02
1.7401e+02
1.8231e+02
1.5902e+02
1.8770e+02
1.6997e+02
1.7673e+02
1.7364e+02
1.7727e+02
1.8003e+02
1.8268e+02
1.8122e+02
1.8633e+02
1.8792e+02
2.0410e+02
1.9497e+02
1.8119e+02
1.6622e+02
1.8273e+02
1.9269e+02
1.8460e+02
1.7911e+02
1.6808e+02
1.9322e+02
1.8982e+02
1.6470e+02
1.7643e+02
1.5193e+02
1.7506e+02
1.8408e+02
1.6592e+02
1.8086e+02
1.9078e+02
1.9057e+02
1.8355e+02
1.7623e+02
1.5265e+02
1.8349e+02
1.7668e+02
1.8276e+02
1.7793e+02
1.6232e+02
1.6941e+02
1.8539e+02
1.9495e+02
1.5383e+02
1.8248e+02
1.8313e+02
1.4919e+02
1.8531e+02
1.8705e+02
1.8357e+02
1.7272e+02
1.5943e+02
1.5131e+02
1.9458e+02
1.7083e+02
1.8667e+02
1.8677e+02
1.4891e+02
2.0407e+02
2.0494e+02
1.7727e+02
1.7207e+02
1.9151e+02
1.9946e+02
1.9320e+02
1.7164e+02
1.6301e+02
2.1004e+02
2.1906e+02
1.9901e+02
1.9597e+02
1.9742e+02
1.9121e+02
1.8537e+02
1.5602e+02
1.7247e+02
1.6517e+02
1.8260e+02
1.6303e+02
1.8573e+02
1.5105e+02
2.0115e+02
1.9500e+02
1.8740e+02
1.8977e+02
1.5219e+02
1.5957e+02
1.8764e+02
1.6391e+02
1.8364e+02
1.9134e+02
1.7263e+02
1.8470e+02
1.9666e+02
1.6521e+02
1.6028e+02
1.6680e+02
1.8458e+02
1.8350e+02
1.8376e+02
1.7068e+02
1.8225e+02
1.8032e+02
1.8681e+02
1.5641e+02
1.4758e+02
1.7640e+02
1.8886e+02
1.9228e+02
1.9966e+02
1.8886e+02
1.8007e+02
1.6829e+02
1.9618e+02
1.8763e+02
1.8885e+02
1.9631e+02
1.8895e+02
1.8642e+02
1.8466e+02
1.8919e+02
1.5618e+02
1.7225e+02
1.7861e+02
2.0014e+02
1.9574e+02
1.9729e+02
1.5636e+02
1.8072e+02
1.8038e+02
1.9040e+02
1.7876e+02
1.6010e+02
1.6920e+02
1.8886e+02
1.9003e+02
1.8224e+02
1.9418e+02
1.8391e+02
1.7389e+02
1.9382e+02
1.7487e+02
1.8495e+02
2.0443e+02
1.8355e+02
1.8686e+02
1.7933e+02
1.8254e+02
1.8320e+02
1.9108e+02
1.8323e+02
1.8352e+02
1.9364e+02
1.9362e+02
1.8115e+02
1.7431e+02
1.9152e+02
2.0379e+02
1.9999e+02
1.6222e+02
1.7799e+02
1.7691e+02
1.8490e+02
1.7685e+02
1.7483e+02
2.0951e+02
1.5932e+02
1.6245e+02
1.9372e+02
1.7447e+02
1.5624e+02
1.9816e+02
1.9144e+02
1.8353e+02
1.7346e+02
1.9971e+02
2.0638e+02
1.7864e+02
2.1042e+02
1.5795e+02
1.6734e+02
1.7721e+02
1.5441e+02
1.8530e+02
1.7286e+02
1.8853e+02
1.8428e+02
1.8262e+02
1.6668e+02
1.8460e+02
1.8546e+02
1.9754e+02
1.9950e+02
1.8832e+02
1.7761e+02
1.9263e+02
2.0716e+02
1.8576e+02
1.9060e+02
2.0181e+02
1.9317e+02
1.9544e+02
1.7246e+02
1.8159e+02
2.0078e+02
1.8837e+02
2.2048e+02
2.0174e+02
1.8912e+02
1.9742e+02
2.0022e+02
2.2967e+02
1.9401e+02
2.1367e+02
2.1741e+02
2.0396e+02
2.0069e+02
2.1429e+02
2.1694e+02
2.0517e+02
2.0661e+02
2.3588e+02
2.3530e+02
2.4552e+02
2.3798e+02
2.6908e+02
2.1585e+02
2.3551e+02
2.4604e+02
2.6745e+02
2.4621e+02
2.1202e+02
2.2966e+02
2.4338e+02
2.3855e+02
2.3471e+02
2.1174e+02
2.0604e+02
2.1737e+02
2.3708e+02
2.4953e+02
1.9528e+02
2.2728e+02
2.1342e+02
2.1082e+02
2.2139e+02
2.5290e+02
2.4611e+02
2.4084e+02
2.4521e+02
2.4979e+02
2.5847e+02
2.3970e+02
2.2685e+02
2.4292e+02
2.2315e+02
2.5226e+02
2.1432e+02
2.3970e+02
2.3411e+02
2.4274e+02
2.3451e+02
2.2099e+02
2.1742e+02
2.0016e+02
2.1532e+02
2.1509e+02
2.1389e+02
2.0972e+02
2.3651e+02
2.3146e+02
2.0572e+02
2.2595e+02
2.1528e+02
2.3358e+02
2.2068e+02
2.4457e+02
1.9184e+02
2.0205e+02
2.0824e+02
2.1376e+02
1.8901e+02
1.8524e+02
2.2574e+02
2.2792e+02
1.9584e+02
2.1260e+02
2.1596e+02
2.1212e+02
2.1834e+02
2.2007e+02
2.2162e+02
2.1765e+02
1.9025e+02
1.9772e+02
2.0338e+02
2.1707e+02
1.9800e+02
1.9711e+02
2.0979e+02
2.0711e+02
2.5235e+02
2.5836e+02
2.1725e+02
1.5989e+02
2.1221e+02
1.9095e+02
1.4992e+02
1.8812e+02
2.0295e+02
2.0147e+02
2.1052e+02
2.2498e+02
2.1392e+02
1.5048e+02
2.2493e+02
2.4434e+02
1.8578e+02
2.2968e+02
2.4656e+02
2.1427e+02
1.9173e+02
2.1187e+02
2.1865e+02
2.2354e+02
2.1666e+02
1.9929e+02
1.9362e+02
2.4245e+02
1.8955e+02
2.2645e+02
2.3006e+02
2.1821e+02
2.2845e+02
2.4012e+02
2.4781e+02
2.3213e+02
2.1143e+02
2.4898e+02
2.5469e+02
2.3454e+02
2.3728e+02
2.3718e+02
2.1566e+02
2.5724e+02
2.7090e+02
2.7833e+02
2.4459e+02
2.7007e+02
2.7765e+02
3.1762e+02
2.8770e+02
2.6181e+02
2.5639e+02
2.8098e+02
2.4335e+02
2.6432e+02
2.8380e+02
2.6163e+02
2.3804e+02
2.3113e+02
2.4055e+02
2.5859e+02
2.3999e+02
2.3935e+02
2.4505e+02
2.1921e+02
2.5028e+02
2.3225e+02
2.5272e+02
2.3486e+02
2.2224e+02
2.2110e+02
2.1832e+02
2.3279e+02
2.5481e+02
2.3134e+02
2.3302e+02
1.8256e+02
2.2925e+02
2.3941e+02
2.3254e+02
2.3597e+02
2.3215e+02
2.3303e+02
2.4702e+02
2.4875e+02
2.5638e+02
2.2172e+02
1.9259e+02
2.4141e+02
2.3768e+02
2.3067e+02
2.4425e+02
2.0301e+02
1.9678e+02
2.4250e+02
2.2558e+02
2.2606e+02
2.0431e+02
2.0703e+02
2.0576e+02
1.6719e+02
2.2443e+02
2.3383e+02
1.7773e+02
1.9755e+02
1.6802e+02
1.9176e+02
2.0244e+02
1.7729e+02
1.9302e+02
2.0499e+02
2.0125e+02
2.2089e+02
2.1005e+02
1.9565e+02
2.0797e+02
1.7472e+02
1.9276e+02
2.0137e+02
1.9828e+02
1.7949e+02
1.8180e+02
2.0272e+02
1.6747e+02
1.9772e+02
1.9216e+02
1.9883e+02
2.0762e+02
2.1359e+02
2.1072e+02
2.1692e+02
2.1634e+02
2.0233e+02
1.9717e+02
2.0051e+02
2.1225e+02
2.0604e+02
2.3453e+02
2.0221e+02
2.0916e+02
2.1824e+02
2.2657e+02
2.3187e+02
2.0376e+02
1.8911e+02
2.1380e+02
1.9110e+02
2.1741e+02
1.9476e+02
2.2288e+02
2.1909e+02
2.1819e+02
2.2984e+02
2.5832e+02
2.3558e+02
2.2462e+02
2.3638e+02
2.5785e+02
1.8599e+02
2.1322e+02
2.1037e+02
1.9923e+02
2.2811e+02
2.1511e+02
2.2807e+02
2.2549e+02
2.1715e+02
2.2020e+02
2.3474e+02
2.1580e+02
2.2840e+02
2.1219e+02
2.4072e+02
2.1584e+02
2.3840e+02
1.9977e+02
2.3342e+02
2.3143e+02
2.0062e+02
2.3980e+02
2.1780e+02
1.9084e+02
1.9795e+02
2.1585e+02
2.2639e+02
2.3663e+02
2.1226e+02
1.9850e+02
2.1654e+02
2.1514e+02
2.0962e+02
1.9849e+02
1.9370e+02
1.8856e+02
1.9216e+02
1.8694e+02
1.6816e+02
2.0794e+02
1.9865e+02
1.8740e+02
1.7872e+02
1.6022e+02
1.7627e+02
1.7474e+02
1.6773e+02
1.9424e+02
2.0466e+02
2.0278e+02
1.8056e+02
1.5812e+02
1.8136e+02
1.7148e+02
1.7129e+02
1.6695e+02
1.6581e+02
1.8219e+02
1.9246e+02
1.9937e+02
1.9563e+02
1.9101e+02
1.7982e+02
1.6624e+02
1.6276e+02
1.6588e+02
1.8375e+02
1.8932e+02
1.6643e+02
1.8062e+02
1.8350e+02
2.0181e+02
2.0341e+02
1.7869e+02
1.6491e+02
1.6678e+02
1.7597e+02
1.8808e+02
1.7414e+02
1.9608e+02
2.0024e+02
1.8793e+02
2.0131e+02
1.5618e+02
1.7938e+02
1.8976e+02
1.9081e+02
1.7359e+02
1.8419e+02
1.6361e+02
2.1078e+02
1.9588e+02
2.0820e+02
1.7883e+02
1.8295e+02
1.8391e+02
1.8609e+02
1.7918e+02
1.9633e+02
2.0117e+02
1.7902e+02
1.7283e+02
1.6523e+02
1.8000e+02
1.9412e+02
2.0729e+02
2.1819e+02
1.5321e+02
2.0248e+02
1.3927e+02
1.8356e+02
1.8244e+02
1.7658e+02
1.8297e+02
1.9611e+02
1.7327e+02
1.9287e+02
1.9364e+02
1.8057e+02
1.5677e+02
2.0050e+02
2.0406e+02
1.6750e+02
1.8280e+02
1.5810e+02
1.8303e+02
1.8995e+02
1.6911e+02
1.5862e+02
1.6192e+02
1.7512e+02
1.9969e+02
1.8918e+02
1.7837e+02
1.7243e+02
1.8267e+02
1.5052e+02
1.8385e+02
1.8087e+02
1.7797e+02
1.7786e+02
1.9993e+02
1.9264e+02
1.7577e+02
1.3760e+02
1.8699e+02
1.7931e+02
1.8516e+02
1.9706e+02
1.5854e+02
1.7106e+02
1.7836e+02
1.6730e+02
1.7575e+02
1.7378e+02
1.9395e+02
1.9205e+02
1.7205e+02
1.9096e+02
1.8398e+02
1.8839e+02
1.7995e+02
1.8965e+02
1.9988e+02
1.9888e+02
1.6196e+02
1.6652e+02
1.8296e+02
1.8391e+02
1.9012e+02
1.8846e+02
1.8082e+02
1.8199e+02
1.9083e+02
1.9807e+02
1.7277e+02
1.7480e+02
1.8823e+02
1.8045e+02
1.7837e+02
1.6933e+02
1.6031e+02
1.8087e+02
1.7876e+02
1.7120e+02
1.7863e+02
1.7582e+02
1.5217e+02
1.8814e+02
1.6869e+02
1.6143e+02
1.6970e+02
1.6353e+02
1.8030e+02
1.8515e+02
1.7677e+02
1.6038e+02
1.9212e+02
1.7236e+02
1.6166e+02
1.8356e+02
1.7387e+02
1.9001e+02
1.8778e+02
1.6832e+02
1.5688e+02
1.8810e+02
1.9449e+02
1.9085e+02
1.9177e+02
2.0479e+02
1.9439e+02
1.6652e+02
1.8784e+02
1.7109e+02
1.8811e+02
2.0849e+02
1.8892e+02
2.0068e+02
1.6608e+02
1.6399e+02
1.5798e+02
1.6246e+02
1.6144e+02
1.8450e+02
1.6368e+02
1.7126e+02
1.7925e+02
1.7135e+02
1.9429e+02
1.7157e+02
1.7526e+02
1.7823e+02
1.9322e+02
1.9010e+02
1.6793e+02
1.7057e+02
1.7528e+02
1.9768e+02
1.7431e+02
1.7965e+02
2.0173e+02
1.7541e+02
1.5551e+02
1.6907e+02
1.6593e+02
1.8320e+02
1.8198e+02
1.8187e+02
1.5047e+02
1.8553e+02
1.5701e+02
2.0401e+02
2.1276e+02
1.9696e+02
1.6814e+02
1.6528e+02
1.9213e+02
1.8838e+02
1.7077e+02
1.6727e+02
1.8492e+02
1.6384e+02
1.8668e+02
1.7745e+02
1.8893e+02
1.8738e+02
2.0515e+02
1.7283e+02
1.8421e+02
1.7640e+02
2.0202e+02
1.8445e+02
1.7971e+02
1.9571e+02
1.8225e+02
1.6723e+02
1.8326e+02
1.8005e+02
1.9069e+02
2.0610e+02
1.6540e+02
1.8613e+02
1.7406e+02
1.6848e+02
1.5311e+02
1.4592e+02
1.7507e+02
1.7794e+02
1.6799e+02
1.8261e+02
2.0084e+02
1.5272e+02
1.7648e+02
1.5141e+02
1.9088e+02
1.4491e+02
1.5434e+02
1.7106e+02
1.8432e+02
1.8856e+02
1.9415e+02
1.8755e+02
1.8799e+02
1.8702e+02
1.7934e+02
1.6532e+02
1.6204e+02
1.8695e+02
1.6322e+02
1.6470e+02
1.5694e+02
1.9582e+02
1.9916e+02
1.7388e+02
1.7711e+02
1.8117e+02
1.8091e+02
2.0958e+02
1.9878e+02
1.8856e+02
1.6478e+02
1.7394e+02
