1.6460e+02
1.6439e+02
1.6826e+02
1.5598e+02
1.5593e+02
1.2506e+02
1.8460e+02
1.3631e+02
1.5214e+02
1.6723e+02
1.6107e+02
1.6336e+02
1.5670e+02
1.7604e+02
1.7722e+02
1.5715e+02
1.6176e+02
1.7019e+02
1.4637e+02
1.6463e+02
1.7469e+02
1.3362e+02
1.6539e+02
1.6729e+02
1.5681e+02
1.5871e+02
1.7828e+02
1.4530e+02
1.3513e+02
1.6479e+02
1.6450e+02
1.3948e+02
1.6298e+02
1.8629e+02
1.6422e+02
1.6341e+02
1.6187e+02
1.6939e+02
1.2593e+02
1.5409e+02
1.8072e+02
1.5076e+02
1.3217e+02
1.5897e+02
1.5875e+02
1.6078e+02
1.5477e+02
1.6666e+02
1.7013e+02
1.4405e+02
1.7474e+02
1.5546e+02
1.3938e+02
1.6586e+02
1.6133e+02
1.6923e+02
1.8312e+02
1.7580e+02
1.6421e+02
1.7795e+02
1.3491e+02
2.0339e+02
1.4690e+02
1.7091e+02
1.5352e+02
1.7039e+02
1.5819e+02
1.7196e+02
1.6527e+02
1.7479e+02
1.7401e+02
1.6252e+02
1.6625e+02
1.6400e+02
1.7526e+02
1.6496e+02
1.3853e+02
1.6451e+02
1.7924e+02
1.5986e+02
1.8256e+02
1.9087e+02
1.8196e+02
1.5829e+02
1.7485e+02
1.7165e+02
1.6570e+02
1.7697e+02
1.7088e+02
1.4079e+02
1.4819e+02
1.6770e+02
1.6058e+02
1.7197e+02
1.5860e+02
1.4810e+02
1.5541e+02
1.6228e+02
1.6049e+02
1.5562e+02
1.5674e+02
1.5799e+02
1.6696e+02
1.6937e+02
1.6285e+02
1.3587e+02
1.6827e+02
1.8521e+02
1.5268e+02
1.5864e+02
1.6097e+02
1.7834e+02
1.5017e+02
1.4111e+02
1.7380e+02
1.4623e+02
1.2311e+02
1.7692e+02
1.5450e+02
1.6296e+02
1.6551e+02
1.6043e+02
1.5857e+02
1.6594e+02
1.7307e+02
1.2610e+02
1.4731e+02
1.6590e+02
1.6570e+02
1.6226e+02
1.5563e+02
1.3846e+02
1.6281e+02
1.5664e+02
1.5593e+02
1.7927e+02
1.5767e+02
1.7266e+02
1.7054e+02
1.3781e+02
1.5335e+02
1.5349e+02
1.4696e+02
1.8761e+02
1.5329e+02
1.4162e+02
1.7640e+02
1.8725e+02
1.7605e+02
1.5676e+02
1.4930e+02
1.8534e+02
1.6135e+02
1.3881e+02
1.3802e+02
1.7439e+02
1.7626e+02
1.8408e+02
1.6647e+02
1.7173e+02
1.6248e+02
1.7532e+02
1.9774e+02
1.8936e+02
1.6328e+02
1.4174e+02
1.5759e+02
1.5489e+02
1.6387e+02
1.6797e+02
1.5975e+02
1.3043e+02
1.5967e+02
1.8809e+02
1.6968e+02
1.6110e+02
1.5974e+02
1.6672e+02
1.5962e+02
1.4878e+02
1.4392e+02
1.5251e+02
1.6678e+02
1.5965e+02
1.6479e+02
1.6554e+02
1.8207e+02
1.8981e+02
1.5512e+02
1.5153e+02
1.6671e+02
1.7023e+02
1.5981e+02
1.4594e+02
1.5343e+02
1.5495e+02
1.4079e+02
1.8681e+02
1.6387e+02
1.2592e+02
1.6034e+02
1.6373e+02
1.4916e+02
1.8101e+02
1.8714e+02
1.7868e+02
1.6204e+02
1.9714e+02
1.6909e+02
1.6514e+02
1.6617e+02
1.5706e+02
1.6331e+02
1.5545e+02
1.8313e+02
1.7042e+02
1.5153e+02
1.7098e+02
1.4987e+02
1.4766e+02
1.6479e+02
1.8904e+02
1.9226e+02
1.6195e+02
1.5181e+02
1.7657e+02
1.8663e+02
1.7240e+02
1.6299e+02
1.6063e+02
1.6029e+02
1.4045e+02
1.7414e+02
1.7465e+02
1.8704e+02
1.6337e+02
1.7051e+02
1.4824e+02
1.6504e+02
1.7578e+02
1.6520e+02
1.7049e+02
1.8181e+02
1.8202e+02
1.7485e+02
1.4885e+02
1.6294e+02
1.7157e+02
1.6697e+02
1.8210e+02
1.4181e+02
1.5129e+02
1.6143e+02
1.6107e+02
1.5406e+02
1.5903e+02
1.7787e+02
1.6680e+02
1.6844e+02
1.4873e+02
1.2916e+02
1.4806e+02
1.8211e+02
1.6531e+02
1.4900e+02
1.7386e+02
1.6194e+02
1.6278e+02
1.6586e+02
1.4791e+02
1.6597e+02
1.6570e+02
1.6799e+02
1.5066e+02
1.6483e+02
1.8420e+02
1.5594e+02
1.7143e+02
1.7270e+02
1.4300e+02
1.6464e+02
1.7163e+02
1.8094e+02
1.9020e+02
1.8188e+02
1.5133e+02
1.6623e+02
2.0591e+02
1.7660e+02
2.0301e+02
1.8584e+02
1.7363e+02
1.5483e+02
1.7472e+02
1.8824e+02
1.9184e+02
1.8134e+02
1.7836e+02
1.6574e+02
1.7183e+02
1.6020e+02
1.8623e+02
1.8435e+02
1.5340e+02
1.7340e+02
1.7329e+02
1.9342e+02
1.6379e+02
1.9486e+02
1.5824e+02
1.8744e+02
1.7729e+02
1.8663e+02
1.7683e+02
1.9628e+02
1.6426e+02
2.0898e+02
1.9883e+02
2.0812e+02
1.9259e+02
1.8334e+02
1.7948e+02
2.1057e+02
1.7938e+02
1.6259e+02
2.0335e+02
1.7451e+02
1.8177e+02
1.8769e+02
2.0441e+02
1.8300e+02
2.0690e+02
1.9589e+02
2.1606e+02
2.1324e+02
2.0696e+02
1.9038e+02
1.4903e+02
2.0963e+02
2.0796e+02
1.6822e+02
1.8396e+02
1.9127e+02
1.8390e+02
1.9456e+02
1.8506e+02
1.9679e+02
2.1052e+02
1.8970e+02
1.5826e+02
1.7410e+02
1.9541e+02
2.0827e+02
1.8936e+02
2.0254e+02
1.8223e+02
1.9554e+02
1.6746e+02
1.8942e+02
1.8567e+02
1.8910e+02
1.9713e+02
1.3638e+02
1.4839e+02
1.9794e+02
2.0106e+02
2.1586e+02
1.8796e+02
1.9243e+02
1.6434e+02
2.0918e+02
2.2183e+02
1.9918e+02
2.0748e+02
2.1442e+02
2.0793e+02
2.4308e+02
2.3617e+02
2.1949e+02
2.3941e+02
2.9638e+02
2.7410e+02
2.6224e+02
3.2025e+02
4.3699e+02
4.1641e+02
2.6883e+02
2.8920e+02
2.4349e+02
2.7819e+02
2.4401e+02
2.2840e+02
2.2311e+02
1.9920e+02
2.2989e+02
1.8433e+02
1.9940e+02
2.2803e+02
2.2528e+02
1.9525e+02
1.8955e+02
2.0188e+02
1.8580e+02
1.7224e+02
1.8088e+02
2.0418e+02
1.6140e+02
2.2532e+02
2.3233e+02
2.3217e+02
2.3173e+02
2.0979e+02
1.6080e+02
2.1359e+02
2.3973e+02
2.5044e+02
2.0988e+02
1.9920e+02
1.8506e+02
2.0349e+02
2.3087e+02
2.1538e+02
2.0874e+02
2.1591e+02
2.2491e+02
2.0653e+02
2.2635e+02
2.3692e+02
2.3881e+02
2.3577e+02
2.3003e+02
2.3644e+02
2.5444e+02
2.5281e+02
2.4719e+02
2.6511e+02
2.1496e+02
2.3094e+02
2.3950e+02
2.5689e+02
2.2125e+02
2.1953e+02
2.1174e+02
2.3155e+02
2.1835e+02
2.3245e+02
2.1418e+02
1.9612e+02
2.1735e+02
2.2152e+02
1.7243e+02
2.0835e+02
2.1372e+02
2.1058e+02
2.1913e+02
2.1114e+02
1.8945e+02
2.0700e+02
2.1595e+02
1.8620e+02
1.9874e+02
1.6746e+02
1.8115e+02
2.2788e+02
2.0956e+02
1.5322e+02
2.0341e+02
2.1243e+02
1.6585e+02
1.8195e+02
1.6939e+02
2.0703e+02
2.1936e+02
1.7628e+02
2.1608e+02
1.7827e+02
1.8341e+02
2.0586e+02
1.9922e+02
1.6924e+02
2.0343e+02
1.2490e+02
2.0012e+02
1.8057e+02
1.8036e+02
1.9778e+02
1.7406e+02
1.7593e+02
2.0700e+02
2.0151e+02
2.0793e+02
2.1500e+02
1.9677e+02
1.7473e+02
1.6824e+02
1.8746e+02
1.8734e+02
2.0139e+02
1.8422e+02
1.8519e+02
2.0785e+02
1.7500e+02
1.9761e+02
1.8705e+02
1.9210e+02
1.7602e+02
1.9417e+02
2.0296e+02
1.9501e+02
1.7970e+02
1.6690e+02
1.7219e+02
1.8881e+02
1.7785e+02
1.8161e+02
1.8394e+02
1.6237e+02
1.9177e+02
1.7246e+02
1.7125e+02
1.6750e+02
1.7633e+02
1.9148e+02
2.0562e+02
1.7103e+02
1.6433e+02
1.7743e+02
1.9384e+02
1.8881e+02
1.7740e+02
1.7348e+02
1.7920e+02
1.6609e+02
1.8627e+02
1.6402e+02
1.8753e+02
1.7991e+02
2.1216e+02
1.7500e+02
1.6301e+02
1.5924e+02
1.8141e+02
1.6339e+02
1.7198e+02
1.5484e+02
1.5293e+02
1.9265e+02
1.8965e+02
1.6062e+02
1.7849e+02
1.8014e+02
1.8183e+02
1.7476e+02
1.7305e+02
1.8001e+02
1.7412e+02
1.4664e+02
1.8673e+02
1.9382e+02
1.5810e+02
1.7113e+02
1.6073e+02
1.6992e+02
1.5748e+02
1.6623e+02
1.6723e+02
1.5275e+02
1.4221e+02
1.3572e+02
1.6013e+02
1.4136e+02
1.8946e+02
1.4480e+02
1.7736e+02
1.6691e+02
1.7653e+02
1.7138e+02
1.6272e+02
1.5517e+02
1.6006e+02
1.6935e+02
1.6777e+02
1.8911e+02
1.9128e+02
1.4487e+02
1.6506e+02
1.7622e+02
1.7758e+02
1.8385e+02
1.7445e+02
1.5567e+02
1.6505e+02
1.3694e+02
1.5723e+02
1.6422e+02
1.5352e+02
1.7510e+02
1.7675e+02
1.6499e+02
1.7059e+02
1.5249e+02
1.5662e+02
1.7870e+02
1.9566e+02
1.7523e+02
1.6803e+02
1.8046e+02
1.5576e+02
1.5679e+02
1.6430e+02
1.5766e+02
1.5587e+02
1.3353e+02
1.6207e+02
1.4067e+02
1.5577e+02
1.3342e+02
1.7185e+02
1.6734e+02
1.4859e+02
1.5702e+02
1.3504e+02
1.6732e+02
1.5686e+02
1.5731e+02
1.6266e+02
1.4843e+02
1.7971e+02
1.6870e+02
1.6275e+02
1.6319e+02
1.8630e+02
1.6510e+02
1.5718e+02
1.7183e+02
1.9622e+02
1.8841e+02
1.6990e+02
1.7641e+02
1.7336e+02
1.7278e+02
1.6767e+02
1.7554e+02
1.7032e+02
1.4628e+02
1.6595e+02
1.7209e+02
1.3976e+02
1.6311e+02
1.7575e+02
1.6231e+02
1.3786e+02
1.5515e+02
1.5481e+02
1.5662e+02
1.4846e+02
1.5968e+02
1.4862e+02
1.6978e+02
1.6944e+02
1.7566e+02
1.6327e+02
1.3741e+02
1.5024e+02
1.5057e+02
1.6867e+02
1.5959e+02
1.4372e+02
1.6619e+02
1.8414e+02
1.7549e+02
1.7170e+02
1.6632e+02
1.5203e+02
1.6156e+02
1.9485e+02
1.8134e+02
1.7383e+02
1.4041e+02
1.7444e+02
1.6079e+02
1.5188e+02
1.7308e+02
1.2168e+02
1.3273e+02
1.5565e+02
1.2890e+02
1.4527e+02
1.2723e+02
1.3256e+02
1.4399e+02
1.4826e+02
1.1558e+02
1.4231e+02
1.4262e+02
1.4875e+02
9.7824e+01
1.4574e+02
1.4225e+02
1.2492e+02
1.4795e+02
1.5086e+02
1.4093e+02
1.3748e+02
1.3761e+02
1.4978e+02
1.3651e+02
1.2862e+02
1.3512e+02
1.2701e+02
1.3387e+02
1.3073e+02
1.3396e+02
1.3215e+02
1.1770e+02
1.0921e+02
1.2439e+02
1.4531e+02
1.4197e+02
1.4286e+02
1.5742e+02
1.2300e+02
1.1953e+02
1.4534e+02
1.4432e+02
1.2610e+02
1.2337e+02
1.3405e+02
1.2410e+02
1.1823e+02
1.5006e+02
1.2768e+02
1.0253e+02
1.0599e+02
1.3583e+02
1.2773e+02
1.2875e+02
1.3374e+02
1.3002e+02
1.3714e+02
1.3136e+02
1.4650e+02
1.4912e+02
1.2203e+02
1.3295e+02
1.4737e+02
1.5572e+02
1.2848e+02
1.0910e+02
1.3233e+02
1.2513e+02
1.3155e+02
1.2333e+02
1.4028e+02
1.2147e+02
1.3127e+02
1.3157e+02
1.0956e+02
1.3482e+02
1.4122e+02
1.2134e+02
1.3388e+02
1.3152e+02
1.2774e+02
1.3775e+02
1.3831e+02
1.0978e+02
1.2698e+02
1.2359e+02
1.4795e+02
1.2937e+02
1.5024e+02
1.5727e+02
1.3735e+02
1.5023e+02
1.3157e+02
1.4130e+02
1.4220e+02
1.3320e+02
1.2450e+02
1.2069e+02
1.3674e+02
1.3395e+02
1.3217e+02
1.2047e+02
1.1743e+02
1.3611e+02
1.4670e+02
1.3702e+02
1.4543e+02
1.1964e+02
1.3610e+02
1.5338e+02
1.4237e+02
1.3048e+02
1.1725e+02
1.1874e+02
1.2602e+02
1.2320e+02
1.3002e+02
1.3920e+02
1.3166e+02
1.1141e+02
1.3473e+02
1.2469e+02
1.2783e+02
1.2061e+02
1.3957e+02
1.3433e+02
1.3504e+02
1.1952e+02
1.3750e+02
1.2056e+02
1.3793e+02
1.3384e+02
1.3337e+02
1.3880e+02
1.3430e+02
1.5334e+02
1.5470e+02
1.5474e+02
1.4452e+02
1.3088e+02
1.1492e+02
1.2110e+02
1.1460e+02
1.2959e+02
1.4081e+02
1.1224e+02
1.3332e+02
1.5303e+02
1.3664e+02
1.3349e+02
1.4009e+02
1.3747e+02
1.4206e+02
1.2941e+02
1.4879e+02
1.5482e+02
1.3102e+02
1.2367e+02
1.3765e+02
1.2974e+02
1.3523e+02
1.3509e+02
1.4957e+02
1.5257e+02
1.3869e+02
1.3898e+02
1.3449e+02
1.2990e+02
1.5236e+02
1.3444e+02
1.2828e+02
1.4162e+02
1.3233e+02
1.2786e+02
1.2035e+02
1.4146e+02
1.6034e+02
1.5502e+02
1.3000e+02
1.2944e+02
1.4381e+02
1.4960e+02
