1.4287e+02
1.6946e+02
1.7646e+02
1.8783e+02
1.5348e+02
1.5650e+02
1.5297e+02
1.7455e+02
1.5216e+02
1.5663e+02
1.9210e+02
1.8310e+02
1.7412e+02
1.8125e+02
1.9246e+02
1.9393e+02
1.9656e+02
1.9348e+02
1.9805e+02
1.7817e+02
1.6361e+02
1.9582e+02
1.9055e+02
1.6349e+02
1.8688e+02
1.6318e+02
1.5575e+02
1.7854e+02
1.8397e+02
1.4674e+02
1.5171e+02
1.5021e+02
1.7392e+02
1.9690e+02
1.8329e+02
1.6229e+02
1.6414e+02
1.8227e+02
1.8729e+02
1.5873e+02
1.4313e+02
1.5917e+02
1.5430e+02
1.7684e+02
1.9535e+02
1.9022e+02
1.5737e+02
1.4994e+02
1.7474e+02
1.5618e+02
1.5358e+02
1.8130e+02
1.7187e+02
1.6685e+02
1.4049e+02
1.5454e+02
1.7237e+02
1.7741e+02
1.5778e+02
1.6385e+02
1.7128e+02
1.5803e+02
1.2856e+02
1.5037e+02
1.6536e+02
1.4524e+02
1.7980e+02
1.7249e+02
1.3061e+02
1.7181e+02
1.5819e+02
1.7518e+02
1.7827e+02
1.9508e+02
1.9776e+02
1.7935e+02
1.8502e+02
1.7796e+02
1.6879e+02
1.7781e+02
1.7001e+02
1.8037e+02
2.0035e+02
1.8460e+02
2.0189e+02
1.8550e+02
1.6295e+02
1.6115e+02
1.8751e+02
1.7812e+02
1.7823e+02
1.6992e+02
1.7974e+02
1.7193e+02
1.8131e+02
2.0212e+02
1.8044e+02
1.7995e+02
1.7706e+02
1.8297e+02
1.9669e+02
1.8031e+02
1.9729e+02
1.6980e+02
1.8819e+02
1.7644e+02
1.9186e+02
1.9086e+02
1.8796e+02
1.4952e+02
1.8566e+02
1.5339e+02
1.9058e+02
1.7660e+02
1.5621e+02
1.8119e+02
1.7714e+02
1.7013e+02
1.8572e+02
1.4450e+02
1.8589e+02
1.9205e+02
2.0022e+02
1.8141e+02
1.8022e+02
1.6012e+02
1.6157e+02
1.8060e+02
1.5332e+02
1.8051e+02
1.8709e+02
1.5929e+02
1.7825e+02
1.6872e+02
1.6835e+02
1.7991e+02
1.5319e+02
1.8721e+02
1.8941e+02
1.8623e+02
1.7956e+02
1.7268e+02
1.6138e+02
1.9676e+02
1.7150e+02
1.6483e+02
1.9905e+02
1.7726e+02
1.6811e+02
1.7168e+02
1.8988e+02
1.8696e+02
1.8223e+02
2.0005e+02
2.0713e+02
1.5928e+02
1.9240e+02
1.6992e+02
1.7013e+02
1.8290e+02
1.6818e+02
2.0127e+02
1.9412e+02
1.7964e+02
1.8953e+02
2.0409e+02
1.5808e+02
1.9927e+02
1.7573e+02
1.8557e+02
1.7526e+02
1.7046e+02
1.9637e+02
1.9895e+02
1.9208e+02
1.8456e+02
1.9302e+02
2.0688e+02
1.7986e+02
1.5351e+02
1.2209e+02
1.7740e+02
1.7045e+02
1.8294e+02
1.7961e+02
1.8075e+02
1.5611e+02
1.9537e+02
1.8210e+02
1.7124e+02
1.9033e+02
1.9437e+02
2.0820e+02
1.8409e+02
1.6276e+02
1.8666e+02
1.5029e+02
1.6856e+02
1.8522e+02
1.9739e+02
1.8618e+02
1.9918e+02
1.9221e+02
1.4287e+02
1.8016e+02
1.7779e+02
1.8564e+02
1.9596e+02
2.0974e+02
1.9368e+02
2.3192e+02
2.3429e+02
2.8845e+02
3.4141e+02
3.5753e+02
3.2778e+02
2.5086e+02
2.7433e+02
2.6963e+02
2.8063e+02
2.7290e+02
2.7137e+02
2.7033e+02
2.4707e+02
2.2446e+02
2.1760e+02
1.9115e+02
2.0695e+02
1.9760e+02
1.4254e+02
1.8127e+02
1.8127e+02
2.0177e+02
1.9811e+02
1.6619e+02
1.8835e+02
1.8558e+02
1.6166e+02
1.7135e+02
1.9563e+02
2.1102e+02
1.9090e+02
2.0314e+02
2.0811e+02
1.9354e+02
1.6147e+02
1.8522e+02
1.8195e+02
1.7910e+02
1.9652e+02
2.0285e+02
1.8978e+02
1.8400e+02
1.2465e+02
1.8869e+02
1.8750e+02
1.7816e+02
1.8783e+02
2.0633e+02
2.1547e+02
2.0370e+02
2.0238e+02
1.7962e+02
2.0169e+02
1.7270e+02
1.6963e+02
1.7383e+02
1.7677e+02
1.9436e+02
1.7941e+02
2.0596e+02
1.8481e+02
2.0883e+02
2.0355e+02
1.9428e+02
1.9504e+02
1.9066e+02
1.7437e+02
1.8622e+02
2.0641e+02
1.8960e+02
1.9941e+02
1.9732e+02
2.3376e+02
1.8711e+02
2.0927e+02
1.8333e+02
2.0430e+02
2.1676e+02
2.0679e+02
1.7767e+02
1.8999e+02
2.0942e+02
1.9834e+02
1.7206e+02
1.9181e+02
2.0995e+02
2.1141e+02
2.1610e+02
1.9973e+02
2.0969e+02
1.9370e+02
2.3199e+02
2.1820e+02
2.0959e+02
2.1836e+02
2.1249e+02
2.0633e+02
2.0613e+02
1.8786e+02
2.1962e+02
1.9894e+02
1.8869e+02
1.9807e+02
1.7658e+02
2.0038e+02
2.0854e+02
2.1590e+02
2.1407e+02
2.1651e+02
1.9169e+02
2.0820e+02
2.1395e+02
2.0898e+02
2.1919e+02
2.1443e+02
2.4658e+02
2.0682e+02
2.1624e+02
2.1064e+02
1.8649e+02
2.2688e+02
2.2175e+02
2.3543e+02
2.3982e+02
2.2137e+02
2.0239e+02
2.6009e+02
2.3608e+02
2.3233e+02
2.3450e+02
2.3682e+02
1.8780e+02
2.1368e+02
1.9417e+02
2.2199e+02
2.5101e+02
2.4272e+02
2.2259e+02
2.0074e+02
2.0743e+02
2.2398e+02
1.9077e+02
1.6946e+02
2.1249e+02
2.1358e+02
2.3654e+02
2.1955e+02
1.9692e+02
2.0684e+02
2.3048e+02
2.0431e+02
2.0030e+02
2.2845e+02
2.2021e+02
2.3474e+02
2.2368e+02
2.0852e+02
2.3477e+02
2.2183e+02
2.0839e+02
2.2560e+02
2.4986e+02
2.3814e+02
2.7191e+02
2.5586e+02
2.3649e+02
2.4162e+02
2.4360e+02
2.5570e+02
2.4785e+02
2.4781e+02
2.7886e+02
2.5672e+02
2.6041e+02
2.8033e+02
2.6742e+02
2.5192e+02
3.1322e+02
3.2022e+02
3.3348e+02
3.2990e+02
3.9282e+02
5.2254e+02
4.8870e+02
3.3697e+02
3.4475e+02
3.3360e+02
2.9684e+02
3.0280e+02
2.7486e+02
3.0660e+02
2.8955e+02
2.8402e+02
3.1072e+02
3.0635e+02
3.0193e+02
2.8664e+02
3.0534e+02
2.3783e+02
2.8931e+02
2.9039e+02
3.0062e+02
2.9823e+02
3.2113e+02
2.9402e+02
3.0580e+02
3.3046e+02
3.0722e+02
2.9308e+02
3.2688e+02
3.1025e+02
3.5021e+02
3.5570e+02
3.3966e+02
3.3012e+02
2.9017e+02
2.9832e+02
2.7799e+02
2.8836e+02
2.4234e+02
2.4299e+02
3.1245e+02
3.1876e+02
2.8966e+02
3.1837e+02
2.4662e+02
3.0300e+02
2.9120e+02
2.7886e+02
2.5020e+02
2.5206e+02
2.8732e+02
2.6194e+02
2.7711e+02
2.5295e+02
2.3166e+02
2.5970e+02
2.2714e+02
2.4554e+02
2.6658e+02
2.5128e+02
2.5504e+02
2.5944e+02
2.4761e+02
2.0153e+02
2.5012e+02
2.5124e+02
2.1999e+02
2.3002e+02
2.3041e+02
2.4411e+02
2.5192e+02
1.9968e+02
2.4122e+02
2.0261e+02
2.1046e+02
2.2732e+02
2.2596e+02
2.3119e+02
2.6758e+02
2.2531e+02
2.1299e+02
1.8678e+02
1.9983e+02
2.2791e+02
2.1507e+02
2.1293e+02
2.0216e+02
2.1387e+02
1.9650e+02
2.2950e+02
1.8541e+02
2.0909e+02
2.3429e+02
1.9867e+02
1.9867e+02
2.0090e+02
1.9484e+02
2.2593e+02
2.1738e+02
2.0865e+02
2.0672e+02
2.1847e+02
2.3333e+02
1.9630e+02
2.0750e+02
1.8098e+02
2.2050e+02
2.2705e+02
2.0960e+02
2.2895e+02
2.0297e+02
2.1955e+02
1.8614e+02
2.2774e+02
2.3501e+02
2.0952e+02
2.1096e+02
2.5756e+02
2.4333e+02
2.0050e+02
2.0232e+02
1.8743e+02
2.1687e+02
2.3047e+02
2.3294e+02
2.2862e+02
2.0628e+02
2.0941e+02
2.1828e+02
2.0596e+02
1.9582e+02
2.2012e+02
2.3372e+02
2.1833e+02
2.0442e+02
1.9039e+02
2.0423e+02
1.8435e+02
1.7742e+02
1.8722e+02
2.1945e+02
2.0549e+02
1.9542e+02
1.9841e+02
1.9113e+02
2.1538e+02
2.1766e+02
2.0852e+02
2.1689e+02
2.1405e+02
2.1557e+02
2.2736e+02
2.2776e+02
1.8942e+02
1.7445e+02
1.9568e+02
2.0673e+02
2.3905e+02
1.8299e+02
2.2642e+02
2.0619e+02
1.9290e+02
2.1242e+02
2.1925e+02
1.8299e+02
2.0217e+02
1.8440e+02
1.6973e+02
2.2355e+02
2.2635e+02
2.1039e+02
1.8473e+02
2.1370e+02
2.0624e+02
2.0509e+02
1.9988e+02
1.9500e+02
1.9542e+02
2.3362e+02
2.0677e+02
1.8350e+02
1.8527e+02
1.9213e+02
1.9372e+02
2.0951e+02
2.1871e+02
1.8184e+02
1.9785e+02
1.8707e+02
1.8484e+02
1.9803e+02
2.0232e+02
2.0647e+02
2.1043e+02
1.9958e+02
2.1664e+02
1.7910e+02
1.6874e+02
1.7473e+02
1.9220e+02
1.6936e+02
1.4511e+02
1.6947e+02
1.5342e+02
1.9036e+02
1.8743e+02
1.8550e+02
1.9315e+02
1.8413e+02
1.8871e+02
1.9116e+02
1.6537e+02
1.6690e+02
1.8335e+02
1.6017e+02
1.6731e+02
1.9181e+02
1.8333e+02
2.1687e+02
2.1120e+02
2.0170e+02
1.7427e+02
1.7466e+02
2.0131e+02
2.1127e+02
1.7530e+02
1.8110e+02
1.9224e+02
1.7690e+02
2.0219e+02
1.7455e+02
1.9022e+02
1.7744e+02
1.8402e+02
1.7066e+02
1.2257e+02
1.8053e+02
1.6199e+02
1.5340e+02
1.7275e+02
1.6640e+02
1.7552e+02
1.7048e+02
1.7189e+02
1.7339e+02
1.7973e+02
1.8055e+02
1.9123e+02
1.9489e+02
1.4827e+02
1.7886e+02
1.6181e+02
1.4347e+02
1.6648e+02
1.7672e+02
1.7850e+02
1.8481e+02
1.6574e+02
2.0269e+02
1.8377e+02
1.7039e+02
2.0599e+02
1.8539e+02
1.7782e+02
1.7488e+02
1.7245e+02
1.7413e+02
1.7642e+02
1.7422e+02
1.6444e+02
1.7596e+02
1.5970e+02
1.8033e+02
1.7382e+02
1.7503e+02
1.6576e+02
1.2581e+02
1.7364e+02
1.6068e+02
1.8540e+02
1.9266e+02
1.8320e+02
1.7352e+02
1.9888e+02
1.7448e+02
1.7128e+02
1.9808e+02
1.9466e+02
1.9226e+02
1.7574e+02
1.7762e+02
2.1602e+02
2.3015e+02
2.2110e+02
2.1590e+02
2.3216e+02
2.1249e+02
2.0036e+02
2.0561e+02
2.0049e+02
1.7081e+02
1.8521e+02
2.0668e+02
2.2150e+02
1.9106e+02
2.1912e+02
1.9301e+02
2.1906e+02
1.9868e+02
1.8316e+02
2.1214e+02
2.2291e+02
1.8760e+02
1.8238e+02
1.9757e+02
2.1105e+02
1.8441e+02
2.0941e+02
2.2436e+02
1.9334e+02
1.8739e+02
1.9631e+02
2.0224e+02
1.8160e+02
1.6860e+02
2.0233e+02
1.8926e+02
1.7476e+02
1.8089e+02
1.8407e+02
2.0756e+02
1.8619e+02
1.9376e+02
2.0991e+02
2.0992e+02
1.8400e+02
1.9774e+02
2.0572e+02
1.7729e+02
1.8103e+02
1.8718e+02
1.7236e+02
1.6527e+02
1.8719e+02
1.6093e+02
1.7176e+02
1.8809e+02
1.9574e+02
1.8642e+02
1.9243e+02
2.0952e+02
1.5023e+02
1.7146e+02
2.1376e+02
2.0485e+02
2.0170e+02
1.6118e+02
1.9745e+02
1.8462e+02
1.9409e+02
1.7104e+02
2.0430e+02
2.0453e+02
1.7633e+02
1.7602e+02
1.9750e+02
1.9991e+02
1.9508e+02
2.1416e+02
1.7129e+02
1.8567e+02
1.8782e+02
1.7607e+02
1.8912e+02
1.7770e+02
1.9147e+02
1.8469e+02
2.0415e+02
1.8686e+02
1.3014e+02
1.8495e+02
1.9404e+02
1.7746e+02
1.8048e+02
1.6541e+02
1.6894e+02
1.7067e+02
1.7466e+02
1.7080e+02
1.7548e+02
1.6266e+02
1.5312e+02
1.6338e+02
1.7392e+02
1.8531e+02
1.8421e+02
1.8624e+02
1.6527e+02
1.8307e+02
1.7801e+02
1.7197e+02
1.7499e+02
1.8504e+02
1.8971e+02
1.8218e+02
1.8733e+02
1.6480e+02
1.9263e+02
1.9002e+02
1.6119e+02
1.5012e+02
1.7043e+02
1.6988e+02
1.7895e+02
1.9601e+02
1.5501e+02
1.8864e+02
1.9315e+02
1.4598e+02
1.5731e+02
1.7151e+02
1.8421e+02
1.8793e+02
1.9095e+02
1.8021e+02
1.7552e+02
1.8785e+02
1.6228e+02
1.4815e+02
1.9089e+02
1.6338e+02
1.5027e+02
1.5417e+02
1.9498e+02
1.8317e+02
1.6005e+02
1.9284e+02
1.8342e+02
1.8027e+02
2.0325e+02
1.6100e+02
2.0788e+02
2.1521e+02
1.8775e+02
1.7715e+02
1.7536e+02
1.8472e+02
1.7915e+02
1.7780e+02
1.2820e+02
1.7959e+02
1.8200e+02
1.6482e+02
