1.6365e+02
1.6353e+02
1.6287e+02
1.6718e+02
1.5140e+02
1.5069e+02
1.8133e+02
1.4319e+02
1.4342e+02
1.8633e+02
1.8263e+02
1.5689e+02
1.7096e+02
1.7253e+02
1.7684e+02
1.5658e+02
1.5508e+02
1.6070e+02
1.2322e+02
1.6223e+02
1.7543e+02
1.4936e+02
1.7093e+02
1.7652e+02
1.6697e+02
1.4776e+02
1.6961e+02
1.5246e+02
1.7067e+02
1.6247e+02
1.6956e+02
1.5487e+02
1.7976e+02
1.9965e+02
1.6613e+02
1.6015e+02
1.5405e+02
1.7856e+02
1.4041e+02
1.6680e+02
1.8034e+02
1.4705e+02
1.4397e+02
1.4740e+02
1.5904e+02
1.6446e+02
1.6914e+02
1.8225e+02
1.6552e+02
1.4537e+02
1.6811e+02
1.6032e+02
1.4380e+02
1.5827e+02
1.7017e+02
1.6531e+02
1.8422e+02
1.8752e+02
1.5811e+02
1.8488e+02
1.3533e+02
1.9238e+02
1.5239e+02
1.7885e+02
1.4322e+02
1.5662e+02
1.6319e+02
1.7246e+02
1.8220e+02
1.7923e+02
1.6850e+02
1.8547e+02
1.7623e+02
1.5676e+02
1.8129e+02
1.4270e+02
1.4629e+02
1.6577e+02
1.4582e+02
1.5514e+02
1.8343e+02
1.9025e+02
1.8051e+02
1.5596e+02
1.6555e+02
1.6333e+02
1.6596e+02
1.8755e+02
1.7709e+02
1.2052e+02
1.6075e+02
1.7575e+02
1.6826e+02
1.7873e+02
1.5370e+02
1.7832e+02
1.8656e+02
1.8076e+02
1.7974e+02
1.6428e+02
1.6767e+02
1.5996e+02
1.6767e+02
1.7997e+02
1.6684e+02
1.4723e+02
1.6389e+02
1.7736e+02
1.4988e+02
1.4880e+02
1.4346e+02
1.6185e+02
1.4724e+02
1.5170e+02
1.7464e+02
1.5325e+02
1.3629e+02
1.7138e+02
1.5997e+02
1.6394e+02
1.6684e+02
1.5012e+02
1.7955e+02
1.7178e+02
1.6815e+02
1.0260e+02
1.5980e+02
1.6209e+02
1.6441e+02
1.5829e+02
1.5488e+02
1.4178e+02
1.4231e+02
1.5528e+02
1.5366e+02
1.6813e+02
1.4940e+02
1.8376e+02
1.5887e+02
1.5751e+02
1.6879e+02
1.7024e+02
1.5491e+02
1.7387e+02
1.5423e+02
1.6415e+02
1.7761e+02
1.7143e+02
1.6888e+02
1.8760e+02
1.4512e+02
1.8642e+02
1.5852e+02
1.5218e+02
1.3891e+02
1.3981e+02
1.6526e+02
1.8721e+02
1.7275e+02
1.8213e+02
1.5855e+02
1.7847e+02
1.9683e+02
1.9202e+02
1.6063e+02
1.5182e+02
1.6543e+02
1.6963e+02
1.8357e+02
1.8095e+02
1.7075e+02
1.2988e+02
1.4655e+02
1.7462e+02
1.6247e+02
1.6401e+02
1.6652e+02
1.4429e+02
1.7767e+02
1.5608e+02
1.1399e+02
1.6023e+02
1.5869e+02
1.5584e+02
1.6820e+02
1.6822e+02
1.6427e+02
1.7907e+02
1.7727e+02
1.8135e+02
1.7012e+02
1.7591e+02
1.5883e+02
1.3638e+02
1.5989e+02
1.6292e+02
1.5170e+02
1.6602e+02
1.5880e+02
1.0485e+02
1.5070e+02
1.6832e+02
1.5824e+02
1.7615e+02
1.7712e+02
1.6792e+02
1.1692e+02
1.7857e+02
1.5701e+02
1.6035e+02
1.3868e+02
1.6302e+02
1.5205e+02
1.6143e+02
1.7490e+02
1.5483e+02
1.6100e+02
1.7751e+02
1.6564e+02
1.3270e+02
1.6904e+02
1.9025e+02
1.5778e+02
1.4908e+02
1.5293e+02
1.7069e+02
1.7751e+02
1.6070e+02
1.5612e+02
1.4015e+02
1.6005e+02
1.4628e+02
1.8594e+02
1.9188e+02
1.8174e+02
1.6191e+02
1.7433e+02
1.4660e+02
1.8075e+02
1.7669e+02
1.6128e+02
1.8431e+02
1.6968e+02
1.6939e+02
1.4723e+02
1.4528e+02
1.7766e+02
1.6872e+02
1.6597e+02
1.7504e+02
1.6664e+02
1.7099e+02
1.5566e+02
1.4856e+02
1.7100e+02
1.7403e+02
1.7732e+02
1.7327e+02
1.6073e+02
1.4890e+02
1.3564e+02
1.4461e+02
1.7402e+02
1.6590e+02
1.3327e+02
1.6486e+02
1.6720e+02
1.6092e+02
1.6567e+02
1.4855e+02
1.7538e+02
1.5638e+02
1.6549e+02
1.6780e+02
1.8343e+02
1.8536e+02
1.6426e+02
1.8059e+02
1.7100e+02
1.5310e+02
1.6701e+02
1.7864e+02
1.8998e+02
1.9650e+02
1.7413e+02
1.6173e+02
1.8091e+02
1.9136e+02
1.8692e+02
1.9735e+02
1.9197e+02
1.5605e+02
1.5048e+02
1.6795e+02
2.0321e+02
1.9933e+02
1.8114e+02
1.6473e+02
1.7262e+02
1.6821e+02
1.5305e+02
1.7984e+02
1.6870e+02
1.7574e+02
1.8175e+02
1.8256e+02
1.9916e+02
1.8688e+02
2.0071e+02
1.5362e+02
1.6780e+02
1.9915e+02
2.0489e+02
1.7379e+02
1.7905e+02
1.4971e+02
1.8917e+02
1.6640e+02
1.9428e+02
1.9944e+02
1.7602e+02
1.9181e+02
2.2339e+02
1.9410e+02
1.7530e+02
1.8378e+02
1.5736e+02
1.6255e+02
2.0547e+02
2.0338e+02
1.8512e+02
1.9849e+02
2.0402e+02
2.2068e+02
2.0060e+02
1.9905e+02
1.8883e+02
1.4550e+02
2.2081e+02
1.9596e+02
1.7697e+02
1.9441e+02
2.0295e+02
1.9441e+02
1.5555e+02
1.8975e+02
1.9517e+02
2.0059e+02
1.9155e+02
1.6478e+02
1.7061e+02
1.9267e+02
2.0287e+02
1.9318e+02
2.0883e+02
1.8733e+02
1.8315e+02
1.7417e+02
1.9883e+02
1.9718e+02
1.7936e+02
1.9677e+02
1.4293e+02
1.6381e+02
1.9473e+02
1.9816e+02
2.2439e+02
1.9065e+02
1.9038e+02
1.9553e+02
2.1442e+02
2.1217e+02
1.9247e+02
2.0126e+02
2.0679e+02
2.2710e+02
2.3311e+02
2.1599e+02
2.0030e+02
2.2949e+02
2.6006e+02
2.4328e+02
2.3526e+02
2.8153e+02
3.5773e+02
3.4393e+02
2.5201e+02
2.7125e+02
2.2778e+02
2.4413e+02
2.4512e+02
2.2836e+02
2.4046e+02
1.9947e+02
2.1443e+02
2.0229e+02
2.1368e+02
2.0503e+02
2.1110e+02
1.8213e+02
1.9441e+02
2.2274e+02
1.7611e+02
1.7591e+02
2.1195e+02
2.0776e+02
1.7058e+02
2.1010e+02
2.1304e+02
2.2918e+02
2.2598e+02
1.9430e+02
1.6451e+02
2.2905e+02
2.2521e+02
2.1459e+02
2.1055e+02
2.1514e+02
2.1214e+02
1.9208e+02
2.4264e+02
2.2772e+02
2.0877e+02
2.2177e+02
2.2015e+02
2.0147e+02
2.1714e+02
2.4673e+02
2.3871e+02
2.3347e+02
2.3901e+02
2.6164e+02
3.1049e+02
2.6490e+02
2.6485e+02
2.5076e+02
2.3338e+02
2.0846e+02
2.3775e+02
2.3984e+02
2.2320e+02
2.1314e+02
2.1997e+02
2.3036e+02
2.1215e+02
2.3876e+02
2.1515e+02
2.0264e+02
2.0892e+02
2.1885e+02
1.6593e+02
2.3695e+02
2.2676e+02
2.0612e+02
1.9705e+02
1.8580e+02
1.8019e+02
2.2349e+02
2.2610e+02
1.9774e+02
1.8882e+02
1.7753e+02
1.9063e+02
2.2716e+02
2.0809e+02
1.7040e+02
1.9694e+02
2.1521e+02
1.7842e+02
1.9284e+02
1.6570e+02
2.0656e+02
2.0558e+02
1.9254e+02
2.2349e+02
1.6239e+02
1.9522e+02
2.0168e+02
2.0379e+02
1.8837e+02
2.1348e+02
1.6277e+02
2.0851e+02
1.8729e+02
1.5198e+02
1.8649e+02
1.7751e+02
1.6843e+02
2.0422e+02
1.7811e+02
1.9170e+02
2.1598e+02
2.0459e+02
2.0050e+02
1.7740e+02
1.8671e+02
2.0246e+02
2.0719e+02
1.8801e+02
1.6843e+02
1.9604e+02
1.7728e+02
2.0455e+02
1.7889e+02
1.8448e+02
1.7403e+02
1.9460e+02
2.0833e+02
1.8981e+02
1.7064e+02
1.6100e+02
1.5041e+02
1.6975e+02
1.6703e+02
1.6902e+02
1.7402e+02
1.6358e+02
1.6137e+02
1.7209e+02
1.8908e+02
1.7156e+02
1.7393e+02
1.5869e+02
2.0104e+02
1.6036e+02
1.7587e+02
1.8511e+02
1.9118e+02
2.0165e+02
1.8058e+02
1.8849e+02
1.9020e+02
1.6372e+02
1.9345e+02
1.5847e+02
1.7477e+02
1.8249e+02
2.0719e+02
1.6903e+02
1.8047e+02
1.6005e+02
1.8098e+02
1.6765e+02
1.7944e+02
1.3550e+02
1.5499e+02
1.9175e+02
1.8524e+02
1.5717e+02
1.7710e+02
1.7483e+02
1.8656e+02
1.8332e+02
1.7343e+02
1.7748e+02
1.8000e+02
1.5219e+02
1.8908e+02
1.9235e+02
1.7206e+02
1.7966e+02
1.3421e+02
1.6494e+02
1.6011e+02
1.5893e+02
1.7666e+02
1.6019e+02
1.5372e+02
1.7551e+02
1.7308e+02
1.3603e+02
1.8012e+02
1.6134e+02
1.6859e+02
1.6232e+02
1.8388e+02
1.7904e+02
1.5994e+02
1.7728e+02
1.6038e+02
1.7777e+02
1.7250e+02
1.8063e+02
1.7408e+02
1.4872e+02
1.7675e+02
1.7836e+02
1.8170e+02
1.8759e+02
1.7641e+02
1.5815e+02
1.6645e+02
1.1503e+02
1.6193e+02
1.5612e+02
1.4835e+02
1.7815e+02
1.8146e+02
1.7203e+02
1.8053e+02
1.5776e+02
1.6273e+02
1.7193e+02
1.8526e+02
1.8149e+02
1.7998e+02
1.7475e+02
1.3733e+02
1.5459e+02
1.6877e+02
1.6759e+02
1.4261e+02
1.6469e+02
1.7058e+02
1.3306e+02
1.2303e+02
1.4046e+02
1.5059e+02
1.4226e+02
1.5631e+02
1.5408e+02
1.4610e+02
1.5580e+02
1.3783e+02
1.4662e+02
1.5936e+02
1.5594e+02
1.6962e+02
1.7068e+02
1.5281e+02
1.5614e+02
1.6289e+02
1.6608e+02
1.7555e+02
1.7086e+02
1.9143e+02
1.8625e+02
1.7186e+02
1.8486e+02
1.7143e+02
1.7245e+02
1.6385e+02
1.6593e+02
1.6097e+02
1.6432e+02
1.6675e+02
1.9491e+02
1.4593e+02
1.6220e+02
1.7293e+02
1.4845e+02
1.3983e+02
1.5434e+02
1.5441e+02
1.7109e+02
1.7572e+02
1.7036e+02
1.4396e+02
1.6925e+02
1.6651e+02
1.7223e+02
1.2992e+02
1.4671e+02
1.5868e+02
1.6600e+02
1.6496e+02
1.5276e+02
1.6241e+02
1.6539e+02
1.7604e+02
1.7067e+02
1.7157e+02
1.7377e+02
1.6663e+02
1.7187e+02
1.8906e+02
1.8245e+02
1.7816e+02
1.5594e+02
1.6360e+02
1.4893e+02
1.4963e+02
1.7385e+02
1.7734e+02
1.6672e+02
1.7681e+02
1.5222e+02
1.6411e+02
1.7356e+02
1.5494e+02
1.2251e+02
1.5746e+02
1.7476e+02
1.7815e+02
1.3423e+02
1.5430e+02
1.4968e+02
1.5201e+02
1.6496e+02
1.6909e+02
1.4960e+02
1.3794e+02
1.4362e+02
1.7299e+02
1.4445e+02
1.6284e+02
1.4902e+02
1.7068e+02
1.7406e+02
1.7091e+02
1.6424e+02
1.6640e+02
1.9328e+02
1.8844e+02
1.7369e+02
1.6816e+02
1.7652e+02
1.2062e+02
1.5764e+02
1.6070e+02
1.6584e+02
1.5984e+02
1.7673e+02
1.3549e+02
1.5933e+02
1.7075e+02
1.7954e+02
1.9762e+02
1.8494e+02
1.6570e+02
1.5881e+02
1.3406e+02
1.5731e+02
1.4795e+02
1.6217e+02
1.6591e+02
1.6999e+02
1.6153e+02
1.3191e+02
1.7553e+02
1.5914e+02
1.5152e+02
1.7634e+02
1.6163e+02
1.4934e+02
1.4731e+02
1.5921e+02
1.4614e+02
1.7501e+02
1.6645e+02
1.5562e+02
1.4900e+02
1.5137e+02
1.7438e+02
1.5295e+02
1.6008e+02
1.3285e+02
1.6302e+02
1.5910e+02
1.5991e+02
1.2789e+02
1.5099e+02
1.5860e+02
1.8309e+02
1.8824e+02
1.7767e+02
1.3800e+02
1.7168e+02
1.6126e+02
1.6407e+02
1.6690e+02
1.7557e+02
1.7319e+02
1.5437e+02
1.6119e+02
1.6373e+02
1.4670e+02
1.5421e+02
1.7371e+02
1.6490e+02
1.8718e+02
1.7499e+02
1.6519e+02
1.8480e+02
1.5590e+02
1.5208e+02
1.6197e+02
1.6278e+02
1.6202e+02
1.3625e+02
1.5002e+02
1.6914e+02
1.7054e+02
1.5619e+02
1.7618e+02
1.6448e+02
1.5792e+02
1.5365e+02
1.6351e+02
1.4233e+02
1.5769e+02
1.4661e+02
1.5567e+02
1.4359e+02
1.4228e+02
1.5347e+02
1.7099e+02
1.5740e+02
1.5494e+02
1.8537e+02
1.4099e+02
1.7030e+02
1.4672e+02
1.3817e+02
1.6260e+02
1.6842e+02
1.6530e+02
1.5844e+02
1.7643e+02
1.6914e+02
1.5733e+02
1.7161e+02
1.5259e+02
1.8123e+02
1.8914e+02
1.7800e+02
1.7336e+02
1.9044e+02
1.6567e+02
1.3943e+02
1.5866e+02
1.4263e+02
1.5762e+02
1.5283e+02
1.5090e+02
1.4622e+02
1.6972e+02
1.8242e+02
1.6573e+02
1.7242e+02
1.5829e+02
1.3880e+02
1.4027e+02
1.3548e+02
1.2509e+02
1.6199e+02
1.7673e+02
1.7122e+02
1.7605e+02
1.7746e+02
1.5663e+02
1.4905e+02
1.6550e+02
1.7785e+02
1.5409e+02
1.8493e+02
1.6875e+02
1.4832e+02
1.6180e+02
1.5136e+02
1.2057e+02
1.6128e+02
1.6670e+02
1.6106e+02
1.9076e+02
