1.7679e+02
1.6808e+02
1.7343e+02
1.6134e+02
1.7519e+02
1.2043e+02
1.8091e+02
1.6092e+02
1.5832e+02
1.5449e+02
1.6523e+02
1.5955e+02
1.3202e+02
1.6611e+02
1.7737e+02
1.6002e+02
1.6308e+02
1.7069e+02
1.5791e+02
1.6769e+02
1.7879e+02
1.4718e+02
1.5255e+02
1.4643e+02
1.4873e+02
1.6688e+02
1.7447e+02
1.6914e+02
1.3180e+02
1.5700e+02
1.5811e+02
1.2455e+02
1.6653e+02
1.8299e+02
1.5505e+02
1.7663e+02
1.7458e+02
1.7356e+02
1.4969e+02
1.4131e+02
1.6698e+02
1.2230e+02
1.4649e+02
1.6310e+02
1.6323e+02
1.7541e+02
1.5467e+02
1.6006e+02
1.7093e+02
1.4696e+02
1.7383e+02
1.6370e+02
1.6247e+02
1.5913e+02
1.5444e+02
1.5494e+02
1.7537e+02
1.7569e+02
1.6637e+02
1.7528e+02
1.3962e+02
1.9533e+02
1.4764e+02
1.7410e+02
1.6441e+02
1.5527e+02
1.5211e+02
1.7243e+02
1.6168e+02
1.7121e+02
1.6904e+02
1.5300e+02
1.7309e+02
1.6858e+02
1.5598e+02
1.5884e+02
1.4705e+02
1.2758e+02
1.6796e+02
1.5533e+02
1.7783e+02
1.9296e+02
1.7682e+02
1.5766e+02
1.8209e+02
1.5898e+02
1.6655e+02
1.6424e+02
1.5659e+02
1.5197e+02
1.5497e+02
1.7362e+02
1.7021e+02
1.6185e+02
1.6175e+02
1.3014e+02
1.1841e+02
1.5813e+02
1.4432e+02
1.5521e+02
1.6048e+02
1.7351e+02
1.6970e+02
1.5498e+02
1.6109e+02
1.4833e+02
1.7860e+02
1.8242e+02
1.6255e+02
1.5593e+02
1.8617e+02
1.8429e+02
1.6653e+02
1.5596e+02
1.6443e+02
1.5845e+02
1.6175e+02
1.8059e+02
1.6470e+02
1.7984e+02
1.7442e+02
1.6352e+02
1.4874e+02
1.7341e+02
1.8247e+02
1.4873e+02
1.6563e+02
1.8379e+02
1.8858e+02
1.8407e+02
1.7388e+02
1.5303e+02
1.6169e+02
1.5675e+02
1.7274e+02
1.8319e+02
1.7569e+02
1.7125e+02
1.7906e+02
1.3326e+02
1.6268e+02
1.6162e+02
1.3822e+02
1.7388e+02
1.4234e+02
1.3362e+02
1.7885e+02
1.8676e+02
1.7516e+02
1.5089e+02
1.5144e+02
1.6067e+02
1.3102e+02
1.3108e+02
1.5441e+02
1.8004e+02
1.8106e+02
1.8207e+02
1.7015e+02
1.6273e+02
1.6796e+02
1.9207e+02
1.9635e+02
1.8003e+02
1.6468e+02
1.5654e+02
1.5187e+02
1.4629e+02
1.5069e+02
1.7378e+02
1.5686e+02
1.4934e+02
1.7643e+02
1.8775e+02
1.8542e+02
1.6540e+02
1.6448e+02
1.7829e+02
1.4979e+02
1.6768e+02
1.6034e+02
1.7128e+02
1.7163e+02
1.3305e+02
1.4791e+02
1.6733e+02
1.9975e+02
1.9255e+02
1.5392e+02
1.5116e+02
1.6078e+02
1.5472e+02
1.5551e+02
1.5234e+02
1.4190e+02
1.6676e+02
1.5627e+02
2.0512e+02
1.9160e+02
1.7292e+02
1.8291e+02
1.9125e+02
1.8291e+02
1.8918e+02
1.9648e+02
1.8705e+02
1.9249e+02
2.0862e+02
2.0142e+02
1.7978e+02
1.8308e+02
1.6899e+02
1.5790e+02
1.6479e+02
1.9062e+02
1.5672e+02
1.4970e+02
1.6728e+02
1.3905e+02
1.4683e+02
1.7291e+02
1.7003e+02
1.9439e+02
1.7074e+02
1.4961e+02
1.9410e+02
1.5648e+02
1.7357e+02
1.7576e+02
1.7157e+02
1.7841e+02
1.4463e+02
1.7442e+02
1.5027e+02
1.7908e+02
1.6743e+02
1.7433e+02
1.7009e+02
1.7211e+02
1.9031e+02
1.8171e+02
1.5130e+02
1.7115e+02
1.9008e+02
1.7409e+02
1.5779e+02
1.5552e+02
1.7611e+02
1.7822e+02
1.9041e+02
1.3504e+02
1.5601e+02
1.4996e+02
1.7409e+02
1.6832e+02
1.5485e+02
1.7225e+02
1.5577e+02
1.6325e+02
1.5211e+02
1.4853e+02
1.5692e+02
1.8854e+02
1.7625e+02
1.5426e+02
1.8631e+02
1.4899e+02
1.7516e+02
1.7296e+02
1.4783e+02
1.8182e+02
1.9619e+02
1.8109e+02
1.7396e+02
1.5790e+02
1.7014e+02
1.6700e+02
1.6765e+02
1.4789e+02
1.4636e+02
1.6168e+02
1.6950e+02
1.7671e+02
1.8654e+02
1.7950e+02
1.4022e+02
1.4009e+02
2.0118e+02
1.6222e+02
1.8844e+02
1.8580e+02
1.7680e+02
1.6597e+02
1.8650e+02
1.7753e+02
1.7794e+02
1.7890e+02
1.8858e+02
1.6546e+02
1.3908e+02
1.5915e+02
1.8417e+02
1.8109e+02
1.4258e+02
1.7050e+02
1.7496e+02
1.8704e+02
1.4635e+02
1.7750e+02
1.8781e+02
1.9766e+02
1.7794e+02
1.8096e+02
1.6855e+02
1.9765e+02
1.5992e+02
2.1533e+02
2.0699e+02
1.9536e+02
1.8619e+02
1.8864e+02
1.4897e+02
1.9639e+02
1.6884e+02
1.8643e+02
2.0558e+02
1.9294e+02
2.0322e+02
1.9744e+02
2.0488e+02
1.8081e+02
2.1374e+02
1.9455e+02
2.0099e+02
2.1830e+02
2.0532e+02
1.7438e+02
1.8406e+02
1.8803e+02
1.9119e+02
1.6408e+02
1.9322e+02
1.8696e+02
1.7391e+02
2.0692e+02
1.7838e+02
2.0571e+02
1.8995e+02
1.7929e+02
1.4957e+02
1.7701e+02
1.9657e+02
2.0086e+02
1.4084e+02
2.0119e+02
1.8742e+02
1.9889e+02
1.7598e+02
1.8360e+02
1.6654e+02
1.9234e+02
1.9157e+02
1.3637e+02
1.4927e+02
1.9480e+02
1.9381e+02
2.0664e+02
1.9744e+02
1.9710e+02
1.8633e+02
1.8960e+02
2.2569e+02
2.1393e+02
2.1342e+02
2.1260e+02
2.0667e+02
2.2826e+02
2.4004e+02
2.3412e+02
2.3845e+02
2.8547e+02
2.8141e+02
2.7496e+02
3.0141e+02
4.3996e+02
4.2663e+02
2.6880e+02
2.7936e+02
2.4208e+02
2.6832e+02
2.2671e+02
2.3417e+02
2.2195e+02
1.9733e+02
2.2669e+02
1.9730e+02
2.1144e+02
2.1337e+02
2.1365e+02
1.9959e+02
1.8271e+02
1.8197e+02
1.7927e+02
1.8160e+02
1.8169e+02
2.0714e+02
1.8593e+02
2.3437e+02
2.3230e+02
2.1468e+02
2.2466e+02
2.0371e+02
1.7910e+02
1.9710e+02
2.2066e+02
2.5186e+02
2.1694e+02
1.9838e+02
1.9125e+02
2.0075e+02
2.2437e+02
2.1666e+02
2.1385e+02
2.2145e+02
2.1169e+02
2.2212e+02
2.1068e+02
2.2797e+02
2.1813e+02
2.4103e+02
2.3269e+02
2.6633e+02
3.1055e+02
2.5634e+02
2.4503e+02
2.4751e+02
1.9387e+02
2.5522e+02
2.1572e+02
2.3103e+02
2.2814e+02
2.3548e+02
2.0840e+02
2.2277e+02
1.8796e+02
2.3991e+02
2.0843e+02
1.9965e+02
2.1429e+02
2.1387e+02
2.0683e+02
1.9008e+02
2.0145e+02
2.1524e+02
2.1942e+02
2.0226e+02
1.9248e+02
1.7450e+02
2.0843e+02
1.9839e+02
2.0805e+02
1.6593e+02
1.8395e+02
2.1534e+02
2.1176e+02
1.7391e+02
2.1870e+02
2.0796e+02
1.5707e+02
1.6905e+02
1.7393e+02
1.7067e+02
2.0081e+02
1.7656e+02
1.9705e+02
1.9944e+02
1.7975e+02
1.9317e+02
1.9010e+02
1.5946e+02
1.9306e+02
1.1219e+02
1.9538e+02
1.8653e+02
1.8195e+02
2.1370e+02
1.7319e+02
1.8488e+02
2.0500e+02
2.0931e+02
2.1768e+02
1.9908e+02
1.9350e+02
1.8008e+02
1.7104e+02
1.9091e+02
1.7608e+02
1.8100e+02
1.6897e+02
1.7161e+02
2.0040e+02
1.6850e+02
1.9011e+02
1.8731e+02
1.7660e+02
1.7274e+02
1.7569e+02
1.8679e+02
2.0373e+02
1.9758e+02
1.6965e+02
1.7834e+02
1.8935e+02
1.5961e+02
1.8084e+02
1.8991e+02
1.8248e+02
1.9723e+02
1.6854e+02
1.5559e+02
1.7491e+02
1.6674e+02
2.0033e+02
2.0480e+02
1.7020e+02
1.3940e+02
1.7505e+02
1.9210e+02
1.7817e+02
1.8517e+02
1.8611e+02
1.8800e+02
1.6884e+02
1.7308e+02
1.9733e+02
2.0196e+02
1.8177e+02
2.0793e+02
1.8698e+02
1.5217e+02
1.5675e+02
1.7138e+02
1.5393e+02
1.8106e+02
1.6269e+02
1.5559e+02
1.8175e+02
1.9310e+02
1.7246e+02
1.7891e+02
1.8660e+02
1.7582e+02
1.6836e+02
1.6649e+02
1.5835e+02
1.5641e+02
1.5650e+02
1.8940e+02
1.8377e+02
1.4453e+02
1.8109e+02
1.7161e+02
1.7098e+02
1.5869e+02
1.6315e+02
1.6119e+02
1.6176e+02
1.4905e+02
1.3822e+02
1.5755e+02
1.5661e+02
1.7724e+02
1.3983e+02
1.8024e+02
1.6930e+02
1.7791e+02
1.6662e+02
1.7000e+02
1.5678e+02
1.5888e+02
1.8263e+02
1.6442e+02
1.8392e+02
1.9331e+02
1.5495e+02
1.6823e+02
1.7144e+02
1.5430e+02
1.7013e+02
1.7075e+02
1.6377e+02
1.4262e+02
1.3795e+02
1.6159e+02
1.5744e+02
1.3561e+02
1.6306e+02
1.6550e+02
1.7010e+02
1.4808e+02
1.5669e+02
1.4227e+02
1.6606e+02
1.8384e+02
1.6099e+02
1.6693e+02
1.8997e+02
1.6404e+02
1.5041e+02
1.4324e+02
1.4724e+02
1.5399e+02
1.4049e+02
1.3505e+02
1.5654e+02
1.6155e+02
1.6072e+02
1.7250e+02
1.7282e+02
1.5422e+02
1.4730e+02
1.4828e+02
1.7018e+02
1.7428e+02
1.6653e+02
1.7910e+02
1.5812e+02
1.8248e+02
1.8053e+02
1.8189e+02
1.6587e+02
1.8860e+02
1.4676e+02
1.5693e+02
1.6418e+02
1.9387e+02
1.8051e+02
1.7452e+02
1.6173e+02
1.7262e+02
1.6261e+02
1.5945e+02
1.8948e+02
1.6752e+02
1.4568e+02
1.8169e+02
1.5759e+02
1.3693e+02
1.6383e+02
1.7458e+02
1.5937e+02
1.5867e+02
1.6614e+02
1.6784e+02
1.5308e+02
1.5573e+02
1.7419e+02
1.6799e+02
1.6043e+02
1.7912e+02
1.7214e+02
1.4853e+02
1.3715e+02
1.5922e+02
1.5698e+02
1.5652e+02
1.5911e+02
1.4557e+02
1.5749e+02
1.8572e+02
1.7402e+02
1.7724e+02
1.5611e+02
1.5270e+02
1.5039e+02
1.7748e+02
1.8990e+02
1.7782e+02
1.5311e+02
1.7949e+02
1.6969e+02
1.4133e+02
1.8096e+02
1.5863e+02
1.4826e+02
1.6691e+02
1.5200e+02
1.5194e+02
1.6481e+02
1.4579e+02
1.4329e+02
1.5933e+02
1.6502e+02
1.6833e+02
1.9202e+02
1.8485e+02
1.5572e+02
1.6622e+02
1.5468e+02
1.6295e+02
1.4718e+02
1.5982e+02
1.5463e+02
1.7850e+02
1.7569e+02
1.6845e+02
1.6189e+02
1.7806e+02
1.6572e+02
1.5951e+02
1.5665e+02
1.2639e+02
1.4850e+02
1.9269e+02
1.7027e+02
1.6173e+02
1.6076e+02
1.3583e+02
1.3099e+02
1.5188e+02
1.5254e+02
1.6552e+02
1.7876e+02
1.4676e+02
1.4792e+02
1.7183e+02
1.5967e+02
1.5968e+02
1.7488e+02
1.7421e+02
1.5541e+02
1.4600e+02
1.3743e+02
1.5303e+02
1.7507e+02
1.6762e+02
1.6677e+02
1.6721e+02
1.2841e+02
1.6684e+02
1.6291e+02
1.6527e+02
1.7067e+02
1.7476e+02
1.7071e+02
1.5680e+02
1.7708e+02
1.7319e+02
1.6964e+02
1.6765e+02
1.7431e+02
1.7644e+02
1.5402e+02
1.5153e+02
1.4316e+02
1.6777e+02
1.5198e+02
1.6506e+02
1.6007e+02
1.4927e+02
1.1923e+02
1.4251e+02
1.6917e+02
1.9056e+02
1.6576e+02
1.6868e+02
1.4841e+02
1.8208e+02
1.7483e+02
1.7898e+02
1.5947e+02
1.9103e+02
1.8375e+02
1.4825e+02
1.4523e+02
1.5193e+02
1.3630e+02
1.6152e+02
1.7488e+02
1.5497e+02
1.6605e+02
1.7664e+02
1.4041e+02
1.7208e+02
1.6080e+02
1.2689e+02
1.5994e+02
1.5174e+02
1.5117e+02
1.3851e+02
1.5180e+02
1.7111e+02
1.7926e+02
1.5349e+02
1.6876e+02
1.4132e+02
1.6378e+02
1.5270e+02
1.6921e+02
1.7504e+02
1.5974e+02
1.4629e+02
1.7396e+02
1.6659e+02
1.6097e+02
1.6744e+02
1.7220e+02
1.3816e+02
1.5236e+02
1.6411e+02
1.8054e+02
1.6294e+02
1.6586e+02
1.5879e+02
1.5750e+02
1.5729e+02
1.7348e+02
1.4802e+02
1.7337e+02
1.7335e+02
1.6063e+02
1.6141e+02
1.7266e+02
1.8433e+02
1.5398e+02
1.7877e+02
1.6687e+02
1.7645e+02
1.6597e+02
1.6003e+02
1.5633e+02
1.6276e+02
1.4301e+02
1.4201e+02
1.6226e+02
1.7056e+02
1.8093e+02
1.8409e+02
1.7859e+02
1.5144e+02
1.6657e+02
1.4429e+02
1.4551e+02
1.5493e+02
1.5282e+02
1.5459e+02
1.6138e+02
1.6828e+02
1.6515e+02
1.8619e+02
1.6470e+02
1.6653e+02
1.4781e+02
1.7366e+02
1.5632e+02
1.7858e+02
1.6910e+02
1.6170e+02
1.4813e+02
1.5736e+02
1.7165e+02
1.5842e+02
1.6268e+02
1.4791e+02
1.7306e+02
