1.8681e+02
1.8562e+02
1.9452e+02
1.8212e+02
1.7046e+02
1.9942e+02
1.7847e+02
1.6313e+02
1.7177e+02
1.8875e+02
1.8268e+02
1.8208e+02
1.8299e+02
1.3105e+02
1.7141e+02
1.8194e+02
1.6709e+02
1.5297e+02
1.7209e+02
1.8252e+02
1.7817e+02
1.8777e+02
1.6584e+02
1.6347e+02
1.7160e+02
1.6953e+02
1.8558e+02
1.6118e+02
2.0059e+02
2.0583e+02
1.8255e+02
1.7885e+02
1.4774e+02
1.7439e+02
1.9706e+02
1.9607e+02
1.6297e+02
1.9445e+02
1.7649e+02
1.6871e+02
1.8004e+02
1.8481e+02
1.9020e+02
1.5637e+02
1.7368e+02
1.8386e+02
1.8374e+02
1.7650e+02
1.7595e+02
1.8414e+02
1.8627e+02
1.9949e+02
2.0242e+02
1.9905e+02
1.6540e+02
1.6910e+02
1.8765e+02
1.9198e+02
1.6008e+02
1.7745e+02
1.8974e+02
1.7519e+02
1.8154e+02
1.3876e+02
1.7579e+02
1.7578e+02
1.6564e+02
1.6743e+02
1.7201e+02
1.4302e+02
1.5474e+02
1.7394e+02
1.6408e+02
1.8113e+02
1.9140e+02
1.9595e+02
1.7264e+02
1.6116e+02
1.6168e+02
1.7239e+02
1.9755e+02
1.7053e+02
1.5645e+02
1.6973e+02
1.7565e+02
1.7506e+02
1.9243e+02
1.8253e+02
1.5690e+02
2.0104e+02
2.0430e+02
1.7644e+02
1.8204e+02
2.0560e+02
2.1225e+02
1.8617e+02
1.8429e+02
1.7390e+02
1.7768e+02
1.9756e+02
1.8842e+02
1.7778e+02
1.7418e+02
1.8740e+02
1.7855e+02
1.6529e+02
1.7079e+02
1.6666e+02
1.6325e+02
1.9193e+02
1.7498e+02
1.6639e+02
1.8616e+02
1.9374e+02
1.7075e+02
1.7578e+02
1.6060e+02
1.8682e+02
1.8756e+02
1.7870e+02
1.7437e+02
1.7812e+02
1.8246e+02
1.6735e+02
1.7449e+02
1.4319e+02
1.8237e+02
1.7293e+02
1.5830e+02
1.9347e+02
1.8804e+02
1.7243e+02
1.4967e+02
1.6868e+02
1.5134e+02
1.9206e+02
1.5800e+02
1.8077e+02
2.0074e+02
1.6183e+02
2.0366e+02
1.9095e+02
1.8271e+02
1.8661e+02
1.8464e+02
1.9344e+02
1.7669e+02
1.5305e+02
1.6681e+02
1.8771e+02
2.1123e+02
1.9663e+02
1.9214e+02
1.9563e+02
1.9514e+02
1.8530e+02
1.6465e+02
2.0058e+02
1.7048e+02
1.8004e+02
1.6820e+02
1.8489e+02
1.5618e+02
1.7915e+02
1.7684e+02
1.7602e+02
1.7640e+02
1.5213e+02
1.6425e+02
1.9011e+02
1.6266e+02
1.8695e+02
1.9177e+02
1.6667e+02
1.7773e+02
1.8787e+02
1.7214e+02
1.7217e+02
1.9525e+02
2.1580e+02
1.7438e+02
1.8084e+02
1.7819e+02
1.9060e+02
1.9144e+02
1.8995e+02
1.7898e+02
1.4861e+02
1.8312e+02
1.6744e+02
1.7624e+02
1.8562e+02
1.8933e+02
1.7115e+02
1.7220e+02
1.9735e+02
1.9083e+02
1.8878e+02
2.1107e+02
2.2483e+02
1.9626e+02
2.0263e+02
1.9834e+02
1.6991e+02
1.7754e+02
1.9032e+02
1.9721e+02
1.9207e+02
1.8284e+02
1.6214e+02
1.9519e+02
1.6489e+02
1.8376e+02
1.8253e+02
1.7575e+02
1.8072e+02
1.8765e+02
1.8406e+02
2.0192e+02
1.8273e+02
1.6821e+02
1.6345e+02
1.9791e+02
1.8385e+02
1.8785e+02
1.9509e+02
1.8853e+02
2.0152e+02
1.7600e+02
1.8401e+02
1.6872e+02
1.9508e+02
1.8857e+02
1.8236e+02
1.9113e+02
1.7768e+02
1.8311e+02
1.8384e+02
2.0615e+02
2.1356e+02
1.6396e+02
1.7953e+02
1.7744e+02
1.8064e+02
1.7780e+02
1.7657e+02
1.6119e+02
1.9506e+02
1.6284e+02
1.7322e+02
1.9431e+02
1.6517e+02
1.5406e+02
1.7834e+02
1.9487e+02
1.8219e+02
1.8858e+02
1.9485e+02
1.9706e+02
1.8206e+02
2.0803e+02
1.8805e+02
1.7410e+02
1.5787e+02
1.6036e+02
1.8144e+02
1.8163e+02
2.0065e+02
1.8440e+02
1.6951e+02
1.8704e+02
1.9405e+02
1.9621e+02
2.0012e+02
2.0540e+02
2.0576e+02
1.9863e+02
1.9993e+02
1.9603e+02
1.7489e+02
1.9020e+02
2.0433e+02
1.9390e+02
2.0225e+02
1.7316e+02
1.6588e+02
1.7518e+02
1.9246e+02
2.0886e+02
1.9281e+02
1.7301e+02
1.7403e+02
2.1007e+02
2.2213e+02
1.8002e+02
2.0851e+02
1.8217e+02
1.9939e+02
2.1520e+02
2.2076e+02
2.0410e+02
2.1056e+02
2.0973e+02
2.3495e+02
2.4598e+02
2.4072e+02
2.2557e+02
2.5393e+02
2.2317e+02
2.1862e+02
2.3403e+02
2.6658e+02
2.3589e+02
2.1663e+02
2.2935e+02
2.3920e+02
2.4451e+02
2.4751e+02
2.2264e+02
2.1077e+02
1.8898e+02
2.2903e+02
2.4227e+02
1.7303e+02
2.2334e+02
2.1658e+02
2.0962e+02
2.1349e+02
2.4999e+02
2.3812e+02
2.0796e+02
2.4059e+02
2.3835e+02
2.5685e+02
2.3471e+02
2.2946e+02
2.3302e+02
2.0217e+02
2.5730e+02
2.3455e+02
2.3365e+02
2.1726e+02
2.3211e+02
2.4154e+02
2.2547e+02
2.1528e+02
2.0168e+02
2.3177e+02
2.2918e+02
2.0356e+02
2.1346e+02
2.2539e+02
2.2027e+02
1.9948e+02
2.2063e+02
2.0581e+02
2.2143e+02
2.0937e+02
2.3472e+02
2.1187e+02
1.9235e+02
2.0519e+02
2.1020e+02
1.7963e+02
1.7592e+02
1.9998e+02
1.9484e+02
2.0491e+02
2.0511e+02
2.2639e+02
2.0059e+02
2.1081e+02
1.9656e+02
1.9073e+02
2.1444e+02
1.8870e+02
1.9590e+02
2.2323e+02
2.1035e+02
2.0632e+02
1.7796e+02
2.1121e+02
2.2632e+02
2.7749e+02
3.1097e+02
2.4405e+02
1.7484e+02
1.9735e+02
1.9346e+02
1.9668e+02
2.1699e+02
2.0363e+02
2.0396e+02
2.1917e+02
2.2302e+02
2.0658e+02
1.7127e+02
2.1413e+02
2.4113e+02
1.9234e+02
2.3714e+02
2.3571e+02
2.2293e+02
2.0708e+02
2.1326e+02
2.3414e+02
2.2561e+02
2.2594e+02
2.2740e+02
2.1649e+02
2.4532e+02
2.2222e+02
2.2572e+02
2.2819e+02
2.2778e+02
2.4770e+02
2.5035e+02
2.3861e+02
2.2696e+02
2.3126e+02
2.5109e+02
2.7598e+02
2.5444e+02
2.4712e+02
2.2558e+02
2.1227e+02
2.5652e+02
2.6327e+02
2.6686e+02
2.4662e+02
2.4916e+02
2.3151e+02
2.7807e+02
2.8524e+02
2.4849e+02
2.8597e+02
2.7048e+02
2.5127e+02
2.6174e+02
2.8495e+02
2.6073e+02
2.2374e+02
2.4680e+02
2.3418e+02
2.5086e+02
2.4983e+02
2.5922e+02
2.5809e+02
2.0356e+02
2.4413e+02
2.3648e+02
2.5193e+02
2.3176e+02
2.3599e+02
2.2190e+02
2.2505e+02
2.3531e+02
2.5468e+02
2.4745e+02
2.2230e+02
2.1787e+02
2.1969e+02
2.2050e+02
2.4046e+02
2.4909e+02
2.2402e+02
2.3054e+02
2.4936e+02
2.3874e+02
2.2481e+02
2.0359e+02
2.1360e+02
2.1996e+02
2.4844e+02
2.2556e+02
2.2608e+02
1.9252e+02
1.8674e+02
2.0500e+02
2.0235e+02
2.1165e+02
1.9306e+02
2.1379e+02
2.1600e+02
1.8306e+02
2.5051e+02
2.4211e+02
1.9318e+02
2.0416e+02
1.7402e+02
2.1608e+02
2.2048e+02
1.8004e+02
1.9673e+02
1.8640e+02
1.9633e+02
2.0375e+02
1.9029e+02
1.5476e+02
2.0198e+02
1.7043e+02
2.1484e+02
2.0496e+02
1.9151e+02
1.7076e+02
1.8836e+02
2.0081e+02
1.7214e+02
1.9852e+02
1.9366e+02
2.0892e+02
1.9395e+02
2.0382e+02
2.0158e+02
2.0022e+02
2.2297e+02
2.0740e+02
1.9529e+02
2.0337e+02
1.9882e+02
2.0486e+02
2.2922e+02
2.0446e+02
1.9200e+02
2.0455e+02
2.2408e+02
2.1871e+02
1.9877e+02
1.9226e+02
2.1304e+02
2.0341e+02
2.2215e+02
1.7220e+02
2.1873e+02
2.3275e+02
2.2612e+02
2.3296e+02
2.5440e+02
2.2689e+02
2.1314e+02
2.3333e+02
2.5038e+02
1.7071e+02
2.2204e+02
2.3262e+02
2.0636e+02
1.9916e+02
2.3325e+02
2.3036e+02
2.1745e+02
2.2270e+02
2.2543e+02
2.3506e+02
2.0978e+02
2.2862e+02
1.9313e+02
2.3867e+02
2.0534e+02
2.1971e+02
1.8971e+02
2.3613e+02
2.4131e+02
2.0171e+02
2.4187e+02
2.1929e+02
2.0368e+02
1.9084e+02
2.1921e+02
2.2459e+02
2.1813e+02
2.1007e+02
2.1003e+02
2.2807e+02
1.9987e+02
1.9757e+02
1.9977e+02
1.8662e+02
1.8334e+02
1.8011e+02
2.0785e+02
1.8366e+02
1.7497e+02
2.0219e+02
2.0232e+02
1.9073e+02
1.8014e+02
1.6672e+02
1.7668e+02
1.6960e+02
2.0182e+02
1.9926e+02
1.9935e+02
1.9062e+02
1.7475e+02
1.8347e+02
1.8599e+02
1.8992e+02
1.8534e+02
1.5837e+02
1.8933e+02
1.8661e+02
2.0639e+02
1.7768e+02
1.6965e+02
1.8106e+02
1.7281e+02
1.6675e+02
1.6889e+02
1.8268e+02
1.9783e+02
1.6022e+02
1.8704e+02
1.7964e+02
1.9779e+02
2.0089e+02
1.8122e+02
1.7673e+02
1.6999e+02
1.6634e+02
1.8796e+02
1.6401e+02
1.8593e+02
1.9845e+02
1.9521e+02
2.0342e+02
1.5309e+02
1.7796e+02
1.9133e+02
1.6037e+02
1.9832e+02
1.7281e+02
1.6966e+02
1.9691e+02
1.8264e+02
2.0752e+02
1.8945e+02
1.9157e+02
1.8272e+02
1.8280e+02
1.8604e+02
2.0193e+02
1.9525e+02
1.8915e+02
1.9681e+02
1.8285e+02
1.6439e+02
1.8129e+02
1.9705e+02
2.1295e+02
1.7429e+02
2.0850e+02
1.6262e+02
1.9088e+02
1.6953e+02
1.6588e+02
1.9025e+02
1.9930e+02
1.5735e+02
1.7640e+02
1.8533e+02
1.7871e+02
1.7077e+02
1.8863e+02
2.0639e+02
1.7584e+02
1.9194e+02
1.5377e+02
1.8103e+02
1.8930e+02
1.7293e+02
1.6793e+02
1.7554e+02
1.7242e+02
1.6469e+02
1.7891e+02
1.6955e+02
1.6668e+02
1.8697e+02
1.8244e+02
1.7759e+02
1.8272e+02
1.7116e+02
1.8203e+02
1.9541e+02
1.8847e+02
1.7896e+02
1.6057e+02
1.8501e+02
1.6728e+02
1.7735e+02
1.9964e+02
1.6683e+02
1.6358e+02
1.8146e+02
1.6365e+02
1.7431e+02
2.0664e+02
1.9984e+02
1.7360e+02
1.8326e+02
1.9131e+02
1.8156e+02
1.8963e+02
1.6798e+02
1.7810e+02
2.0198e+02
1.8028e+02
1.8564e+02
1.8504e+02
1.6558e+02
1.7520e+02
1.7901e+02
1.8189e+02
1.6734e+02
1.9035e+02
1.9093e+02
1.9233e+02
1.6592e+02
1.8750e+02
1.9048e+02
1.7121e+02
1.7998e+02
1.8107e+02
1.6376e+02
1.8758e+02
2.0500e+02
1.8172e+02
1.7841e+02
1.9996e+02
1.5536e+02
1.8764e+02
1.6461e+02
1.7116e+02
1.7941e+02
1.7255e+02
1.7083e+02
1.6972e+02
1.7566e+02
1.6419e+02
1.8532e+02
1.8209e+02
1.7380e+02
1.9075e+02
1.7353e+02
1.9157e+02
1.8778e+02
1.7073e+02
1.7734e+02
1.8224e+02
1.8404e+02
1.8580e+02
1.8980e+02
2.0612e+02
1.7188e+02
1.6625e+02
1.9284e+02
1.6077e+02
1.8428e+02
1.9262e+02
1.8937e+02
1.8893e+02
1.7691e+02
1.6372e+02
1.5958e+02
1.8288e+02
1.7863e+02
1.6348e+02
1.7062e+02
1.7205e+02
1.9577e+02
1.7484e+02
2.0158e+02
1.8325e+02
1.8737e+02
1.7517e+02
1.9607e+02
1.9368e+02
1.5899e+02
1.7894e+02
1.8481e+02
1.9752e+02
1.7518e+02
1.8017e+02
1.7264e+02
1.7229e+02
1.7546e+02
1.7882e+02
1.6326e+02
1.8156e+02
1.9712e+02
1.8250e+02
1.5289e+02
1.8551e+02
1.5816e+02
1.6314e+02
1.7783e+02
1.7951e+02
1.6119e+02
1.5863e+02
1.8267e+02
1.8636e+02
1.6484e+02
1.6956e+02
1.7204e+02
1.5531e+02
1.8383e+02
1.7714e+02
1.6719e+02
1.7435e+02
1.9734e+02
2.0124e+02
1.9466e+02
1.9445e+02
1.9822e+02
2.0893e+02
1.8319e+02
1.9330e+02
1.7930e+02
1.8806e+02
1.8930e+02
1.8287e+02
1.9098e+02
1.9251e+02
1.7268e+02
1.9509e+02
1.9497e+02
1.5902e+02
1.8030e+02
1.6430e+02
1.7056e+02
1.8011e+02
1.8178e+02
1.8470e+02
1.9299e+02
1.8354e+02
1.7759e+02
1.5854e+02
1.8720e+02
1.8578e+02
1.5539e+02
1.5474e+02
1.6553e+02
1.7062e+02
1.7608e+02
1.8104e+02
1.9611e+02
1.9494e+02
1.6826e+02
1.6516e+02
1.4633e+02
1.8833e+02
1.6969e+02
1.6706e+02
1.4185e+02
1.8991e+02
1.7728e+02
1.7835e+02
1.7680e+02
1.6586e+02
1.6168e+02
1.9874e+02
2.0098e+02
1.8369e+02
1.6909e+02
1.7093e+02
