1.8375e+02
1.7883e+02
1.7073e+02
1.7498e+02
1.7273e+02
1.5559e+02
1.8440e+02
1.9804e+02
1.7636e+02
1.7480e+02
1.7920e+02
1.7878e+02
1.6964e+02
1.8457e+02
1.6861e+02
1.7878e+02
1.7258e+02
1.8107e+02
1.9158e+02
1.7901e+02
1.8823e+02
1.7977e+02
1.9207e+02
1.7830e+02
1.6964e+02
1.7885e+02
1.9444e+02
1.8150e+02
1.8940e+02
1.8841e+02
1.6092e+02
1.7707e+02
1.7982e+02
1.7140e+02
1.9019e+02
1.8768e+02
1.8920e+02
1.6795e+02
1.8371e+02
1.7314e+02
1.7732e+02
1.5930e+02
1.8457e+02
1.5830e+02
1.8163e+02
1.6915e+02
1.8447e+02
1.8291e+02
1.7060e+02
1.9033e+02
1.9399e+02
1.8154e+02
1.8913e+02
1.8219e+02
1.7815e+02
1.8076e+02
1.9129e+02
1.9495e+02
1.8260e+02
1.7563e+02
1.7394e+02
1.7490e+02
1.9094e+02
2.0670e+02
2.0209e+02
1.7069e+02
1.8774e+02
1.4947e+02
1.7252e+02
1.5992e+02
1.8034e+02
1.8057e+02
1.9982e+02
1.8879e+02
1.6324e+02
1.8818e+02
2.0086e+02
1.9384e+02
1.8442e+02
1.7426e+02
1.4780e+02
1.6246e+02
1.9416e+02
1.8183e+02
1.6407e+02
1.8713e+02
1.9583e+02
1.8497e+02
1.8410e+02
1.8502e+02
1.8037e+02
1.8420e+02
1.6073e+02
1.8419e+02
1.7910e+02
1.5942e+02
1.6986e+02
1.9508e+02
1.8148e+02
1.7239e+02
1.7770e+02
1.7064e+02
1.8434e+02
1.9020e+02
1.7268e+02
1.7314e+02
1.8539e+02
2.0128e+02
1.6338e+02
1.4799e+02
1.6047e+02
1.9386e+02
2.0150e+02
1.7310e+02
1.8346e+02
1.9253e+02
1.8486e+02
1.5935e+02
1.7602e+02
1.9803e+02
1.8283e+02
1.7326e+02
1.6406e+02
1.7678e+02
1.9405e+02
1.5583e+02
1.9390e+02
1.7975e+02
1.8201e+02
1.8509e+02
1.7428e+02
1.9284e+02
1.8847e+02
1.7588e+02
1.5242e+02
1.7006e+02
1.7192e+02
1.6998e+02
1.8935e+02
1.6338e+02
1.8673e+02
1.9250e+02
2.0113e+02
1.5433e+02
1.9313e+02
1.9289e+02
2.0045e+02
1.9280e+02
1.7231e+02
1.8831e+02
1.7270e+02
1.7731e+02
1.7829e+02
1.9183e+02
1.6780e+02
1.6733e+02
1.7170e+02
1.6958e+02
1.5942e+02
1.8226e+02
1.7012e+02
1.7529e+02
1.5715e+02
1.9927e+02
1.8789e+02
1.7156e+02
1.6422e+02
1.7974e+02
1.9198e+02
1.6811e+02
1.7655e+02
1.7412e+02
1.7623e+02
1.7712e+02
1.6429e+02
1.7736e+02
1.8839e+02
1.8907e+02
1.9825e+02
1.8551e+02
1.8858e+02
1.8544e+02
1.8530e+02
2.0345e+02
1.6839e+02
1.7268e+02
1.9154e+02
1.8248e+02
1.9140e+02
1.8038e+02
1.9848e+02
1.9703e+02
2.0178e+02
1.8955e+02
1.6085e+02
1.4463e+02
2.1640e+02
1.7955e+02
2.3262e+02
2.6954e+02
2.3092e+02
1.9548e+02
1.9417e+02
1.6947e+02
1.9618e+02
1.8840e+02
1.8871e+02
1.9944e+02
1.9832e+02
1.9079e+02
1.8267e+02
1.8729e+02
1.8548e+02
1.9264e+02
1.6595e+02
1.9336e+02
1.9137e+02
1.8996e+02
1.8939e+02
1.6272e+02
1.8397e+02
1.7802e+02
2.0430e+02
2.1540e+02
2.0352e+02
1.8079e+02
1.9293e+02
1.8637e+02
1.9441e+02
1.3709e+02
1.7488e+02
2.0243e+02
2.0082e+02
1.8617e+02
1.9891e+02
1.9620e+02
1.9772e+02
1.8885e+02
1.6377e+02
1.3579e+02
1.8420e+02
1.7648e+02
1.7212e+02
1.7478e+02
1.9262e+02
1.7735e+02
1.7988e+02
1.7814e+02
1.8941e+02
1.6284e+02
1.6868e+02
1.7591e+02
1.9846e+02
2.0024e+02
1.9382e+02
1.5373e+02
1.5702e+02
1.7287e+02
1.8695e+02
1.8349e+02
1.9253e+02
2.0059e+02
1.6451e+02
1.8702e+02
1.6780e+02
1.6744e+02
1.7176e+02
1.7636e+02
2.0229e+02
1.9615e+02
1.6954e+02
1.7583e+02
1.8173e+02
1.6380e+02
1.7399e+02
1.5124e+02
1.6010e+02
2.0952e+02
2.2161e+02
1.8175e+02
1.9077e+02
2.0497e+02
2.0510e+02
1.8592e+02
1.6015e+02
2.1679e+02
2.2568e+02
1.9719e+02
1.9129e+02
1.9502e+02
1.7722e+02
1.9171e+02
1.7745e+02
2.1301e+02
2.1173e+02
1.8638e+02
1.8564e+02
1.9549e+02
2.0412e+02
1.9780e+02
2.2449e+02
2.3743e+02
2.2495e+02
2.4029e+02
2.2122e+02
2.2367e+02
2.0467e+02
2.0890e+02
2.0323e+02
2.1532e+02
2.2411e+02
2.3316e+02
2.2165e+02
2.1448e+02
2.4461e+02
2.2689e+02
2.4084e+02
2.1425e+02
1.9012e+02
2.5163e+02
2.4056e+02
2.2899e+02
2.2702e+02
2.2344e+02
2.1303e+02
2.4593e+02
2.5481e+02
2.3191e+02
2.4268e+02
2.1691e+02
1.9813e+02
2.3195e+02
2.1511e+02
2.0244e+02
2.1503e+02
2.5140e+02
2.2023e+02
2.4904e+02
2.3793e+02
2.3634e+02
2.1193e+02
2.2155e+02
2.1735e+02
2.3428e+02
2.3709e+02
2.3955e+02
2.5133e+02
2.3310e+02
1.9953e+02
2.2943e+02
2.0536e+02
2.2002e+02
2.3477e+02
2.2181e+02
2.3979e+02
2.4285e+02
2.1967e+02
2.0569e+02
2.2203e+02
1.9861e+02
2.1166e+02
2.1310e+02
1.5945e+02
1.8162e+02
1.5794e+02
2.0135e+02
1.9046e+02
1.9896e+02
2.2256e+02
2.1345e+02
1.7008e+02
1.5764e+02
1.9781e+02
2.0099e+02
1.9373e+02
1.8292e+02
1.9675e+02
2.0113e+02
1.7835e+02
1.9019e+02
2.0438e+02
1.9943e+02
2.0141e+02
2.4083e+02
2.6370e+02
2.2076e+02
1.9104e+02
2.0915e+02
1.7659e+02
2.0963e+02
2.1529e+02
2.1260e+02
2.1016e+02
2.0698e+02
1.6585e+02
2.2253e+02
2.2104e+02
1.8660e+02
2.0344e+02
1.8945e+02
2.1605e+02
2.1297e+02
2.1028e+02
2.3321e+02
2.1437e+02
2.1351e+02
2.0124e+02
2.1421e+02
2.0387e+02
2.4194e+02
2.3944e+02
2.2488e+02
2.1391e+02
2.2581e+02
2.3447e+02
2.4601e+02
2.3660e+02
2.4049e+02
2.1640e+02
2.1802e+02
2.4223e+02
2.3620e+02
2.4262e+02
2.4396e+02
2.1130e+02
2.5098e+02
2.3639e+02
2.6868e+02
2.2505e+02
2.8863e+02
2.8628e+02
2.7687e+02
2.9204e+02
2.7616e+02
2.7970e+02
2.6993e+02
2.4035e+02
2.9619e+02
2.3817e+02
2.7724e+02
2.7302e+02
2.6008e+02
2.1938e+02
2.4804e+02
2.3608e+02
2.4864e+02
2.4482e+02
2.5320e+02
2.4016e+02
2.5935e+02
2.4376e+02
2.5278e+02
2.4746e+02
2.2613e+02
2.3745e+02
2.3770e+02
2.2338e+02
2.3073e+02
2.5328e+02
2.5101e+02
2.3860e+02
2.3891e+02
2.3044e+02
2.2792e+02
2.3634e+02
2.3418e+02
2.2047e+02
2.1614e+02
1.9698e+02
2.3308e+02
2.1201e+02
1.8829e+02
2.2031e+02
2.2292e+02
2.2483e+02
2.2215e+02
1.9874e+02
2.2170e+02
2.2006e+02
2.1160e+02
1.9593e+02
2.1415e+02
2.1920e+02
2.1897e+02
2.3498e+02
2.3076e+02
2.0058e+02
2.0598e+02
2.1360e+02
2.1906e+02
1.9100e+02
1.8342e+02
1.9757e+02
1.8182e+02
1.6069e+02
1.6943e+02
1.8260e+02
1.8787e+02
2.0099e+02
1.7242e+02
2.0777e+02
1.8197e+02
1.7944e+02
1.9474e+02
1.9693e+02
2.0040e+02
1.9674e+02
1.8430e+02
1.8553e+02
1.7069e+02
1.6260e+02
1.8485e+02
2.0184e+02
1.6732e+02
2.1673e+02
2.1889e+02
2.0030e+02
2.1361e+02
1.7813e+02
1.9682e+02
2.1733e+02
2.1758e+02
2.3423e+02
2.3876e+02
2.1224e+02
2.2415e+02
2.0720e+02
2.2545e+02
1.8975e+02
1.9460e+02
1.9944e+02
2.2598e+02
2.1598e+02
2.2994e+02
2.4735e+02
2.3795e+02
2.5510e+02
2.2552e+02
2.4323e+02
2.3830e+02
2.2322e+02
2.3363e+02
2.3193e+02
2.3187e+02
1.4052e+02
2.1953e+02
2.0810e+02
2.2503e+02
2.2103e+02
1.8994e+02
2.1794e+02
2.3680e+02
2.1248e+02
2.3393e+02
2.0066e+02
2.1827e+02
2.4720e+02
2.2242e+02
2.2934e+02
2.1058e+02
2.3189e+02
2.3172e+02
2.1705e+02
2.0173e+02
2.1313e+02
2.0640e+02
2.1263e+02
2.2075e+02
1.9073e+02
2.3448e+02
1.8307e+02
2.2738e+02
2.1286e+02
2.0368e+02
1.8261e+02
1.8022e+02
1.8428e+02
1.7824e+02
1.8322e+02
1.8571e+02
2.0030e+02
1.6079e+02
1.4926e+02
1.9453e+02
2.0046e+02
2.0649e+02
1.8940e+02
1.5240e+02
1.7488e+02
1.9493e+02
2.0120e+02
1.8517e+02
1.9877e+02
1.6083e+02
1.7958e+02
1.9201e+02
1.9915e+02
1.8403e+02
2.0228e+02
1.8782e+02
1.6672e+02
1.8514e+02
1.9328e+02
2.0703e+02
1.7487e+02
1.6933e+02
1.8870e+02
1.5363e+02
1.8489e+02
1.6551e+02
1.6139e+02
1.7842e+02
1.8205e+02
1.8449e+02
1.6819e+02
1.6374e+02
1.6599e+02
2.0664e+02
1.9741e+02
1.7772e+02
1.8818e+02
1.7316e+02
1.5683e+02
1.8934e+02
1.6926e+02
1.6624e+02
1.8608e+02
1.9059e+02
1.9821e+02
1.7683e+02
1.9867e+02
1.8486e+02
1.7210e+02
1.9722e+02
1.9870e+02
1.6896e+02
1.6068e+02
1.7843e+02
1.9610e+02
2.0826e+02
1.7945e+02
1.8633e+02
1.8649e+02
1.6397e+02
1.8567e+02
1.8837e+02
1.8484e+02
1.3152e+02
1.7253e+02
1.8527e+02
1.9238e+02
1.5601e+02
1.9455e+02
2.0542e+02
1.8003e+02
1.6455e+02
1.8551e+02
1.8455e+02
2.0381e+02
1.7619e+02
1.6020e+02
1.8513e+02
1.6979e+02
1.8785e+02
2.0490e+02
1.8801e+02
2.0603e+02
1.6748e+02
1.8424e+02
1.8451e+02
1.8231e+02
1.8617e+02
1.7225e+02
1.6991e+02
1.9662e+02
2.0283e+02
1.9884e+02
1.4483e+02
1.8830e+02
1.7023e+02
1.8320e+02
1.8134e+02
1.8227e+02
2.0335e+02
1.9117e+02
1.9508e+02
1.7394e+02
1.9614e+02
1.4822e+02
1.8612e+02
1.8798e+02
1.7606e+02
1.5660e+02
1.8641e+02
1.6456e+02
1.9130e+02
1.9348e+02
1.7515e+02
1.7491e+02
1.7074e+02
1.6430e+02
1.9217e+02
1.3411e+02
1.7165e+02
1.8795e+02
1.6082e+02
1.7646e+02
1.8734e+02
1.8483e+02
1.9111e+02
1.7779e+02
1.8471e+02
1.8774e+02
1.6936e+02
1.7637e+02
1.8724e+02
1.9862e+02
1.6824e+02
1.8866e+02
2.0422e+02
1.6911e+02
1.6173e+02
1.8733e+02
1.7815e+02
1.9335e+02
1.6402e+02
1.8473e+02
2.0519e+02
1.8202e+02
1.7177e+02
1.6879e+02
1.6573e+02
1.6044e+02
1.7549e+02
1.9428e+02
1.8874e+02
1.8203e+02
1.8435e+02
1.6735e+02
1.5582e+02
1.9408e+02
1.6964e+02
1.7832e+02
1.9566e+02
1.8891e+02
1.8598e+02
1.6149e+02
1.6068e+02
1.8655e+02
1.8936e+02
1.7761e+02
1.7317e+02
1.7381e+02
1.8400e+02
1.8568e+02
1.6488e+02
1.9075e+02
1.8046e+02
1.6687e+02
1.6433e+02
1.8344e+02
1.9448e+02
1.7516e+02
1.5847e+02
1.9444e+02
1.7991e+02
1.5502e+02
2.0082e+02
1.8106e+02
1.9107e+02
2.0057e+02
1.9362e+02
1.6231e+02
1.6586e+02
1.8804e+02
1.7285e+02
1.7725e+02
1.6398e+02
1.6912e+02
1.9513e+02
1.8098e+02
1.9064e+02
1.6977e+02
2.0415e+02
2.0330e+02
1.7806e+02
1.7558e+02
1.8222e+02
1.7338e+02
1.7997e+02
2.0544e+02
1.8713e+02
1.5424e+02
1.3722e+02
1.7115e+02
2.0271e+02
1.5662e+02
1.6101e+02
1.6361e+02
1.5047e+02
1.8801e+02
1.8739e+02
1.8329e+02
1.6342e+02
1.8153e+02
1.8471e+02
1.4669e+02
1.8614e+02
1.7876e+02
1.9833e+02
1.9807e+02
2.0890e+02
2.0152e+02
1.9129e+02
1.8950e+02
1.8655e+02
1.9685e+02
1.7553e+02
1.5687e+02
2.0285e+02
1.8712e+02
1.7928e+02
1.6826e+02
1.6555e+02
1.9182e+02
1.8267e+02
1.9330e+02
1.9236e+02
1.7990e+02
1.7448e+02
1.6903e+02
1.7846e+02
1.9242e+02
1.9780e+02
1.8691e+02
2.0567e+02
1.7596e+02
1.6794e+02
1.8250e+02
1.7492e+02
1.9413e+02
1.8349e+02
1.8196e+02
1.6486e+02
1.6602e+02
1.6423e+02
1.4620e+02
1.6604e+02
1.7780e+02
1.8033e+02
1.7469e+02
1.8404e+02
1.8077e+02
1.6881e+02
1.6735e+02
1.8762e+02
1.6699e+02
1.9442e+02
1.8148e+02
1.7779e+02
1.7542e+02
1.7748e+02
1.6591e+02
1.8671e+02
1.8378e+02
