1.7994e+02
2.0816e+02
1.8521e+02
1.8287e+02
1.6215e+02
1.9442e+02
1.8635e+02
1.7665e+02
1.7853e+02
1.9168e+02
1.8274e+02
1.9459e+02
1.8201e+02
1.6887e+02
1.6164e+02
1.8577e+02
1.7516e+02
1.5050e+02
1.7581e+02
1.8641e+02
1.8518e+02
1.9379e+02
1.6838e+02
1.5635e+02
1.6873e+02
1.7028e+02
1.9434e+02
1.4533e+02
1.8702e+02
1.9413e+02
1.7804e+02
1.7457e+02
1.4142e+02
1.6882e+02
1.9939e+02
2.0385e+02
1.7238e+02
1.9043e+02
1.7740e+02
1.5824e+02
1.7313e+02
1.8487e+02
1.8021e+02
1.6590e+02
1.7071e+02
1.8162e+02
1.8216e+02
1.8125e+02
1.8541e+02
1.8435e+02
2.0397e+02
2.0564e+02
1.9597e+02
1.8584e+02
1.7908e+02
1.7822e+02
1.9726e+02
1.9418e+02
1.6681e+02
1.7958e+02
1.7994e+02
1.7659e+02
1.9288e+02
1.7411e+02
1.8598e+02
1.6330e+02
1.8341e+02
1.5655e+02
1.5821e+02
1.3704e+02
1.6986e+02
1.8727e+02
1.8063e+02
1.9369e+02
1.8021e+02
2.0078e+02
1.7940e+02
1.8345e+02
1.7151e+02
1.4822e+02
1.6813e+02
1.5945e+02
1.5915e+02
1.6979e+02
1.8343e+02
1.7583e+02
2.0058e+02
1.7717e+02
1.5821e+02
2.0452e+02
2.0064e+02
1.9599e+02
1.6433e+02
2.0252e+02
2.0132e+02
1.7922e+02
1.7602e+02
1.8995e+02
1.5639e+02
1.9447e+02
1.8437e+02
1.5794e+02
1.8057e+02
1.8070e+02
1.7098e+02
1.8886e+02
1.8463e+02
1.9117e+02
1.5947e+02
1.7076e+02
1.6184e+02
1.7737e+02
1.9909e+02
2.0332e+02
1.7226e+02
1.9119e+02
1.8087e+02
1.7012e+02
1.8961e+02
1.8183e+02
1.8440e+02
1.8488e+02
1.7438e+02
1.5527e+02
1.6682e+02
1.6886e+02
1.7916e+02
1.7610e+02
1.8842e+02
1.9851e+02
1.8813e+02
1.7403e+02
1.5396e+02
1.7573e+02
1.8018e+02
1.7766e+02
1.7821e+02
1.6026e+02
1.9346e+02
1.7625e+02
1.8986e+02
1.8593e+02
1.9236e+02
1.8829e+02
1.7638e+02
1.8027e+02
1.8065e+02
1.5538e+02
1.5798e+02
1.7918e+02
2.0101e+02
1.8564e+02
2.0243e+02
1.9366e+02
1.8979e+02
1.6659e+02
1.6279e+02
1.8119e+02
1.6687e+02
1.8243e+02
1.8685e+02
1.8358e+02
1.7085e+02
1.8380e+02
1.7747e+02
1.7827e+02
1.4906e+02
1.5021e+02
1.7465e+02
1.9145e+02
1.6103e+02
1.8529e+02
1.8881e+02
1.6386e+02
1.7099e+02
1.8508e+02
1.8426e+02
1.8621e+02
1.9448e+02
2.0605e+02
1.7813e+02
1.9479e+02
1.7395e+02
1.8943e+02
1.7593e+02
1.8073e+02
1.7158e+02
1.6304e+02
1.8933e+02
1.7075e+02
1.7777e+02
1.8680e+02
1.8475e+02
1.6056e+02
1.7018e+02
1.9388e+02
2.0094e+02
1.7938e+02
2.1846e+02
2.4002e+02
2.1287e+02
1.9132e+02
1.9041e+02
1.5969e+02
1.9573e+02
1.9919e+02
1.8672e+02
1.9910e+02
1.7837e+02
1.7850e+02
2.0078e+02
1.6295e+02
1.9017e+02
1.9814e+02
1.7325e+02
1.7184e+02
1.9270e+02
1.8236e+02
1.8546e+02
1.6203e+02
1.5745e+02
1.7528e+02
2.1308e+02
1.9425e+02
2.0041e+02
1.8898e+02
1.8648e+02
2.1188e+02
1.8492e+02
1.6019e+02
1.6710e+02
1.8886e+02
1.8979e+02
1.8126e+02
1.8668e+02
1.6940e+02
1.8650e+02
1.9256e+02
1.8628e+02
1.8828e+02
1.4707e+02
1.6009e+02
1.8411e+02
1.6293e+02
1.7679e+02
1.7135e+02
1.6580e+02
1.9339e+02
1.9391e+02
1.8579e+02
1.9058e+02
1.6244e+02
1.6464e+02
1.7560e+02
1.8994e+02
1.8817e+02
1.6801e+02
1.8738e+02
1.9772e+02
1.9143e+02
2.0275e+02
2.0627e+02
1.8366e+02
1.5727e+02
1.6676e+02
1.7274e+02
1.6892e+02
1.7730e+02
1.7695e+02
1.7873e+02
1.7108e+02
1.9450e+02
1.8682e+02
1.9069e+02
1.9545e+02
1.9933e+02
2.1268e+02
2.0930e+02
1.9432e+02
1.7805e+02
2.0237e+02
2.1445e+02
2.1098e+02
2.0200e+02
1.6722e+02
1.8532e+02
1.9351e+02
1.9807e+02
2.0019e+02
1.9236e+02
1.6867e+02
1.7558e+02
1.9407e+02
2.2292e+02
2.0248e+02
1.9681e+02
1.7735e+02
2.0105e+02
2.2023e+02
2.1582e+02
2.0626e+02
2.2237e+02
2.2333e+02
2.3340e+02
2.4515e+02
2.3689e+02
1.9683e+02
2.3713e+02
2.2414e+02
2.2127e+02
2.2124e+02
2.5372e+02
2.3102e+02
2.2291e+02
2.4302e+02
2.3815e+02
2.4641e+02
2.3859e+02
1.9604e+02
2.2873e+02
1.9653e+02
2.2721e+02
2.3532e+02
1.8423e+02
2.1097e+02
2.3474e+02
2.2691e+02
2.1667e+02
2.3220e+02
2.2140e+02
1.9206e+02
2.3061e+02
2.1997e+02
2.3632e+02
2.4417e+02
2.3834e+02
2.3501e+02
2.1772e+02
2.5935e+02
2.4920e+02
2.0944e+02
1.9971e+02
2.2682e+02
2.4549e+02
2.3099e+02
2.2832e+02
2.2813e+02
2.4665e+02
2.2528e+02
2.0420e+02
2.0685e+02
2.2785e+02
2.2057e+02
2.2272e+02
2.3493e+02
2.1094e+02
2.2244e+02
2.0455e+02
2.1199e+02
1.9262e+02
2.0542e+02
2.0866e+02
1.8457e+02
1.7709e+02
1.7478e+02
1.9747e+02
1.6144e+02
2.1885e+02
2.1207e+02
2.1622e+02
1.9470e+02
1.7753e+02
1.9718e+02
1.9147e+02
1.9933e+02
1.7876e+02
1.9763e+02
2.1694e+02
1.9719e+02
1.8936e+02
1.8614e+02
2.1216e+02
2.2841e+02
3.1089e+02
3.4012e+02
2.6073e+02
2.0887e+02
1.7431e+02
1.8119e+02
2.1128e+02
2.3502e+02
2.1763e+02
2.0698e+02
2.1571e+02
1.8930e+02
1.9571e+02
1.8936e+02
2.1349e+02
2.2947e+02
1.9142e+02
2.3282e+02
2.1825e+02
2.2670e+02
2.0504e+02
2.0654e+02
2.3189e+02
2.0987e+02
2.2918e+02
2.3589e+02
2.3054e+02
2.5463e+02
2.4706e+02
2.1313e+02
2.4303e+02
2.5854e+02
2.6703e+02
2.4328e+02
2.2332e+02
2.4083e+02
2.4277e+02
2.6410e+02
2.7162e+02
2.5350e+02
2.2842e+02
2.1480e+02
2.4811e+02
2.6822e+02
2.6870e+02
2.7455e+02
2.5233e+02
2.3948e+02
2.6268e+02
3.0317e+02
2.8458e+02
2.5510e+02
2.9244e+02
2.4911e+02
2.6956e+02
2.5075e+02
2.8909e+02
2.6824e+02
2.3070e+02
2.3154e+02
2.4780e+02
2.5243e+02
2.5847e+02
2.5920e+02
2.5504e+02
2.0941e+02
2.5130e+02
2.4411e+02
2.4477e+02
2.3288e+02
2.3560e+02
2.2626e+02
2.2455e+02
2.2106e+02
2.4366e+02
2.4460e+02
2.3254e+02
2.2170e+02
2.2355e+02
2.1705e+02
2.3852e+02
2.5271e+02
2.1636e+02
2.2821e+02
2.4284e+02
2.0681e+02
2.1145e+02
1.9251e+02
2.2385e+02
2.2451e+02
2.4423e+02
2.2709e+02
2.1101e+02
1.9893e+02
2.0320e+02
1.9853e+02
1.9932e+02
1.9902e+02
1.8000e+02
2.2894e+02
2.1613e+02
2.0431e+02
2.4346e+02
2.3738e+02
2.0341e+02
2.0355e+02
1.9593e+02
2.0171e+02
2.0727e+02
1.8228e+02
1.8047e+02
1.6355e+02
1.8833e+02
2.0232e+02
1.8907e+02
1.6813e+02
2.0775e+02
1.8146e+02
2.2431e+02
1.9805e+02
2.0883e+02
1.8083e+02
2.0024e+02
2.0186e+02
1.6709e+02
1.9768e+02
1.8938e+02
1.7862e+02
1.8179e+02
2.1862e+02
2.0794e+02
2.0533e+02
2.2935e+02
2.0131e+02
2.0589e+02
2.0204e+02
1.9531e+02
2.2373e+02
2.2513e+02
2.1004e+02
2.0806e+02
2.0442e+02
2.2180e+02
2.2163e+02
2.0808e+02
1.8381e+02
2.1755e+02
1.9012e+02
2.1493e+02
1.9463e+02
2.2708e+02
2.4702e+02
2.3163e+02
2.4315e+02
2.6168e+02
2.3338e+02
2.2640e+02
2.3801e+02
2.4681e+02
2.0424e+02
2.3937e+02
2.1567e+02
2.0945e+02
2.0840e+02
2.2993e+02
2.2824e+02
2.0572e+02
2.1085e+02
2.4350e+02
2.3588e+02
2.1296e+02
2.0399e+02
2.0680e+02
2.4493e+02
2.2468e+02
2.1915e+02
1.9164e+02
2.3590e+02
2.5433e+02
2.2735e+02
2.3926e+02
2.1228e+02
2.0794e+02
1.9205e+02
2.2522e+02
1.9594e+02
2.1551e+02
2.0589e+02
2.2389e+02
2.3236e+02
2.1085e+02
2.0529e+02
2.0833e+02
1.7869e+02
1.9154e+02
1.9990e+02
2.0629e+02
2.0843e+02
1.5379e+02
1.5688e+02
2.0305e+02
1.9278e+02
1.8544e+02
1.6641e+02
1.9193e+02
1.7320e+02
2.0402e+02
2.0379e+02
1.9043e+02
1.9515e+02
1.8659e+02
1.8026e+02
1.8643e+02
1.8937e+02
1.8108e+02
1.7007e+02
1.8916e+02
1.7154e+02
2.0330e+02
1.8089e+02
1.8050e+02
1.7290e+02
1.7769e+02
1.7921e+02
1.5876e+02
1.9022e+02
1.9546e+02
1.7582e+02
1.8060e+02
1.7196e+02
1.8249e+02
2.0288e+02
1.7617e+02
1.8652e+02
1.7789e+02
1.7841e+02
2.0666e+02
1.6420e+02
1.6443e+02
1.7147e+02
1.8908e+02
1.7527e+02
1.5572e+02
1.7358e+02
1.9659e+02
1.7299e+02
1.8458e+02
1.8323e+02
1.4763e+02
1.6252e+02
1.8961e+02
2.0367e+02
1.8413e+02
1.7483e+02
1.8132e+02
1.8847e+02
1.8777e+02
1.8655e+02
1.8296e+02
1.9876e+02
1.9087e+02
1.6855e+02
1.6631e+02
1.7067e+02
1.8838e+02
1.9044e+02
1.8421e+02
2.0405e+02
1.5739e+02
1.8645e+02
1.7316e+02
1.5695e+02
1.8325e+02
2.0000e+02
1.5907e+02
1.8351e+02
1.8848e+02
1.7352e+02
1.6518e+02
1.8321e+02
2.0146e+02
1.8132e+02
1.9686e+02
1.8211e+02
1.7876e+02
1.8877e+02
1.8313e+02
1.5695e+02
1.7990e+02
1.6796e+02
1.6748e+02
1.8647e+02
1.7691e+02
1.8287e+02
1.7771e+02
1.7301e+02
1.6585e+02
1.9391e+02
1.8135e+02
1.7775e+02
1.9707e+02
1.8962e+02
1.8967e+02
1.6407e+02
1.8497e+02
1.6498e+02
1.7631e+02
1.8099e+02
1.6638e+02
1.6403e+02
1.8972e+02
1.6448e+02
1.8297e+02
2.0697e+02
1.9230e+02
1.7095e+02
1.8268e+02
1.8933e+02
1.9462e+02
1.8209e+02
1.8047e+02
1.7993e+02
1.7724e+02
1.6872e+02
1.8141e+02
1.8084e+02
1.6388e+02
1.6910e+02
1.6827e+02
1.7983e+02
1.5953e+02
1.9554e+02
1.8884e+02
1.9290e+02
1.6250e+02
1.8929e+02
1.8482e+02
1.6398e+02
1.6879e+02
1.9741e+02
1.7006e+02
1.7651e+02
1.8726e+02
1.8527e+02
1.6901e+02
1.9262e+02
1.5309e+02
1.6766e+02
1.4687e+02
1.7894e+02
1.8338e+02
1.8894e+02
1.8120e+02
1.7117e+02
1.8577e+02
1.4551e+02
1.8644e+02
1.9186e+02
1.7963e+02
2.0518e+02
1.8362e+02
1.8481e+02
1.8563e+02
1.6814e+02
1.6372e+02
1.8477e+02
1.9333e+02
1.9248e+02
1.7331e+02
1.8817e+02
1.6527e+02
1.6762e+02
1.7778e+02
1.6624e+02
1.8289e+02
1.8315e+02
1.6980e+02
1.8046e+02
1.8274e+02
1.6286e+02
1.3898e+02
1.8622e+02
1.8105e+02
1.5725e+02
1.7409e+02
1.6839e+02
2.0223e+02
1.7292e+02
1.9192e+02
1.9721e+02
1.8671e+02
1.9215e+02
1.9095e+02
1.7969e+02
1.4148e+02
1.6117e+02
1.7356e+02
1.8859e+02
1.8441e+02
1.7726e+02
1.6728e+02
1.8245e+02
1.8167e+02
1.8508e+02
1.7217e+02
1.8387e+02
2.0877e+02
1.9140e+02
1.7308e+02
1.7098e+02
1.2444e+02
1.5951e+02
1.7298e+02
1.7562e+02
1.8331e+02
1.4105e+02
1.6757e+02
1.9875e+02
1.8904e+02
1.7914e+02
1.6793e+02
1.8318e+02
1.9165e+02
1.7180e+02
1.5633e+02
1.7046e+02
1.9274e+02
1.8998e+02
2.0633e+02
2.0767e+02
1.8866e+02
1.9610e+02
1.9314e+02
1.9557e+02
1.7549e+02
1.6538e+02
1.9069e+02
1.8921e+02
1.7960e+02
1.8380e+02
1.8648e+02
2.1207e+02
2.0580e+02
1.7600e+02
1.8651e+02
1.8748e+02
1.6738e+02
1.5504e+02
1.8182e+02
1.8346e+02
1.8887e+02
1.8574e+02
1.8325e+02
1.5858e+02
1.7672e+02
2.0175e+02
1.6622e+02
1.6757e+02
1.5480e+02
1.8330e+02
1.6359e+02
1.6622e+02
1.8242e+02
1.7311e+02
1.6421e+02
1.6770e+02
1.5079e+02
1.6777e+02
1.7436e+02
1.7268e+02
1.6648e+02
1.8885e+02
1.7357e+02
1.7780e+02
1.8578e+02
1.6248e+02
1.6263e+02
2.0182e+02
1.9516e+02
1.7388e+02
1.6216e+02
1.8884e+02
